# Blender v2.72 (sub 0) OBJ File: ''
# www.blender.org
mtllib back.mtl
o test.002_test.000
v -0.017761 0.957830 0.986843
v -0.019275 0.937636 0.960682
v -0.016894 0.936665 0.990829
v -0.014336 0.936586 1.013666
v -0.011154 0.896116 0.931940
v -0.013647 0.912706 0.999466
v -0.000003 0.819908 0.961919
v -0.002331 0.856321 1.039350
v -0.010573 0.915985 1.053377
v -0.015696 0.925153 1.179911
v -0.007720 0.883874 1.128179
v -0.004637 0.848539 1.245661
v 0.003369 0.808088 1.146632
v 0.003277 0.767425 1.234933
v 0.003056 0.765137 1.317671
v 0.002204 0.770565 1.400629
v -0.002732 0.821499 1.341836
v -0.027118 1.116769 0.571422
v -0.038145 1.018496 0.587835
v -0.024301 1.031723 0.653418
v -0.030021 0.956964 0.596950
v -0.025570 0.973071 0.642228
v -0.017292 0.975046 0.699491
v -0.021025 0.908852 0.570342
v -0.020438 0.913317 0.636103
v -0.006221 0.840806 0.614330
v -0.005480 0.866967 0.694591
v -0.002347 0.845368 0.780570
v -0.015263 0.926007 0.745492
v -0.015305 0.931485 0.682912
v -0.013426 1.114827 0.451238
v -0.035191 1.044719 0.508884
v -0.000239 1.119495 0.371237
v -0.011651 1.053387 0.424429
v -0.025123 0.983466 0.471780
v -0.000213 1.170736 0.277730
v 0.004743 1.068950 0.343419
v -0.000042 1.156676 0.180529
v 0.002254 1.082741 0.262672
v 0.005465 0.997472 0.311061
v 0.003533 0.911204 0.366018
v -0.005482 0.988475 0.396650
v 0.000028 0.847771 0.423673
v -0.012424 0.916923 0.447764
v 0.002011 1.203845 0.381968
v -0.004178 1.187548 0.351212
v -0.000986 1.192023 0.411817
v -0.007795 1.183958 0.422832
v -0.016857 1.163525 0.463905
v -0.000026 0.533985 0.918327
v -0.000100 0.418534 0.934032
v 0.000287 0.475621 1.042083
v -0.003408 0.314878 0.891592
v -0.000071 0.358020 1.001269
v -0.000004 0.393846 1.097984
v -0.001042 0.331019 1.064403
v 0.000690 0.287505 1.020163
v -0.006176 0.237159 0.910075
v -0.001969 0.285062 0.959336
v 0.000803 0.170425 0.922571
v 0.001322 0.233516 0.973343
v -0.000076 0.583722 1.382107
v -0.000257 0.547610 1.260542
v 0.000149 0.498459 1.373339
v -0.000104 0.557608 1.141373
v 0.000570 0.464889 1.188094
v 0.000017 0.626596 1.224478
v 0.000772 0.369314 1.359752
v 0.001778 0.383680 1.314294
v -0.005490 0.325037 1.324152
v 0.001792 0.397953 1.250853
v -0.004995 0.333777 1.267756
v -0.011286 0.279213 1.296197
v -0.001897 0.383467 1.172385
v -0.011570 0.336020 1.198381
v -0.012329 0.335513 1.127158
v -0.021970 0.284511 1.151868
v -0.022968 0.237246 1.181607
v -0.016113 0.283399 1.224490
v -0.015335 0.196402 1.218692
v -0.015410 0.236954 1.259599
v -0.000005 0.385182 0.548389
v 0.000010 0.424856 0.635135
v 0.000001 0.501061 0.598606
v -0.000003 0.556336 0.130256
v -0.000003 0.445735 0.171824
v -0.000003 0.530210 0.256931
v -0.000003 0.340737 0.183104
v -0.000003 0.415445 0.277309
v -0.000003 0.380186 0.104468
v -0.000015 0.097880 0.549600
v -0.000008 -0.006015 0.618832
v 0.000003 0.090593 0.664651
v -0.000064 -0.110344 0.588368
v 0.000775 -0.085498 0.696908
v -0.000003 0.095450 0.174190
v -0.000003 -0.028278 0.112791
v -0.000003 -0.015940 0.246295
v -0.000003 -0.136050 0.238847
v -0.000003 -0.075830 0.338198
v -0.000003 -0.104079 0.155053
v -0.000038 0.248807 0.565473
v -0.000080 0.198656 0.684987
v -0.000003 0.290011 0.076304
v -0.000003 0.227820 0.172516
v -0.000003 0.116117 0.316537
v -0.000003 0.194402 0.263979
v -0.000003 0.504452 0.369733
v -0.000003 0.496957 0.481043
v 0.000002 0.568337 0.436290
v -0.000005 0.643696 0.355389
v -0.000003 0.375140 0.399440
v -0.000003 0.034878 0.392777
v -0.000003 -0.060044 0.475940
v -0.000002 -0.183062 0.348145
v -0.000004 0.239871 0.365833
v 0.000000 0.169706 0.443862
v 0.000517 0.748226 0.921945
v 0.000553 0.754352 1.047075
v 0.000112 0.656520 0.976916
v 0.000023 0.576341 1.034982
v -0.000060 0.648818 1.099927
v 0.000935 0.682155 1.391916
v -0.000137 0.694355 1.289196
v 0.000048 0.718802 1.174617
v -0.000071 0.630445 0.534025
v -0.000023 0.593996 0.691591
v -0.000003 0.679108 0.130385
v -0.000003 0.628943 0.220110
v -0.000006 0.736978 0.225589
v 0.000012 0.797170 0.100767
v -0.023684 1.029138 0.843167
v -0.022248 1.001166 0.804095
v -0.016085 0.968197 0.873079
v -0.023058 0.966312 0.780736
v -0.019092 0.962921 0.822841
v -0.014016 0.915388 0.832917
v -0.000518 0.830817 0.878059
v -0.000031 0.468320 0.702121
v 0.000359 0.345161 0.681719
v 0.000029 0.413574 0.818175
v -0.005755 0.177276 0.858903
v 0.002996 0.105543 0.865641
v -0.003932 0.191718 0.790428
v -0.001149 0.112127 0.800227
v 0.002897 0.036944 0.816247
v -0.000939 0.126406 0.736065
v -0.000664 -0.106962 0.764811
v 0.000343 -0.040068 0.778555
v 0.000650 0.034391 0.731961
v -0.000844 0.284816 0.797022
v 0.000006 0.655486 0.832444
v -0.000047 0.533518 0.792693
v 0.000384 1.168010 -0.252871
v 0.000815 1.086115 -0.246155
v 0.000369 1.152392 -0.142501
v -0.000145 1.012704 -0.276932
v -0.000733 1.017866 -0.191910
v -0.002272 0.964348 -0.317541
v 0.000504 0.937454 -0.253324
v -0.000292 0.888551 -0.337825
v -0.000067 1.007648 -0.074742
v -0.000099 0.912383 -0.149700
v -0.028724 1.045497 -0.488132
v -0.029754 1.040175 -0.558877
v -0.022322 0.986576 -0.528478
v -0.028919 1.042864 -0.622771
v -0.020527 0.980999 -0.604301
v -0.026930 1.045184 -0.684802
v -0.025338 0.998736 -0.663149
v -0.022339 1.049726 -0.752858
v -0.022827 0.992869 -0.726662
v -0.023906 0.957964 -0.691755
v -0.015330 0.912275 -0.654675
v -0.022783 0.963103 -0.652920
v -0.025492 0.992281 -0.475099
v -0.021379 1.017199 -0.428350
v -0.021065 0.941648 -0.484650
v -0.019453 0.967743 -0.439005
v -0.012326 0.972279 -0.379042
v -0.012337 0.882645 -0.479696
v -0.011768 0.914487 -0.424866
v -0.001728 0.832977 -0.423018
v -0.004198 1.181791 -0.384771
v -0.011140 1.161550 -0.409449
v -0.005016 1.167514 -0.361246
v -0.019172 1.129326 -0.440565
v -0.010387 1.134001 -0.384676
v -0.003690 1.152591 -0.328244
v -0.025026 1.098098 -0.475024
v -0.016188 1.082852 -0.420009
v -0.006145 1.107015 -0.338083
v -0.001499 1.105494 -0.286892
v -0.015777 1.026049 -0.892097
v -0.018016 1.008659 -0.943663
v -0.020290 0.976267 -0.893910
v -0.018216 0.997526 -1.011945
v -0.017801 0.960113 -0.979464
v -0.014466 0.917740 -0.951732
v -0.017287 0.988309 -1.089977
v -0.021354 0.949527 -1.055485
v -0.011355 0.978499 -1.186993
v -0.021879 0.938292 -1.138624
v -0.020613 0.896144 -1.099955
v -0.011138 0.846002 -1.064923
v -0.017120 0.906297 -1.022813
v 0.001246 0.787232 -1.014493
v -0.007751 0.860552 -0.985101
v -0.014770 0.951449 -1.280177
v -0.014168 0.920672 -1.231145
v -0.009751 0.945929 -1.338210
v -0.014175 0.909944 -1.336548
v -0.006490 0.850903 -1.258952
v -0.007674 0.826534 -1.332475
v 0.001319 0.775158 -1.329414
v -0.003416 0.819858 -1.322176
v -0.014012 0.872443 -1.334868
v -0.000003 0.373809 -0.277126
v -0.000003 0.330132 -0.199587
v -0.000007 0.452935 -0.236766
v -0.000003 0.400890 -0.099460
v -0.000053 0.432477 -0.667444
v -0.000002 0.425308 -0.573752
v -0.000003 0.513632 -0.596296
v -0.000004 0.531213 -0.714636
v -0.000018 0.342900 -0.606510
v -0.000003 0.366227 -0.497443
v -0.000003 0.137367 -0.092383
v -0.000003 0.188836 -0.216389
v -0.000003 0.037079 -0.183034
v -0.000003 -0.074982 -0.231816
v -0.000003 -0.009301 -0.291098
v -0.000003 0.085959 -0.311463
v -0.000016 -0.019127 -0.407874
v 0.002112 0.159703 -0.657301
v -0.001076 0.093053 -0.690624
v 0.000155 0.065392 -0.608295
v 0.000091 0.002796 -0.678801
v -0.000113 -0.048557 -0.559199
v 0.002592 -0.102607 -0.652080
v -0.000003 0.298708 -0.305805
v -0.000003 0.197712 -0.356043
v 0.000306 0.333275 -0.735391
v 0.000080 0.245066 -0.629830
v 0.000004 0.155896 -0.545099
v -0.000003 0.476977 -0.484929
v 0.000001 0.400537 -0.370913
v -0.000018 0.532179 -0.366932
v -0.000060 0.601916 -0.493361
v -0.000003 0.289155 -0.419346
v -0.000002 -0.118898 -0.373846
v -0.000003 -0.075773 -0.322730
v -0.000005 0.202301 -0.454634
v -0.000003 0.110038 -0.429210
v 0.000174 0.474685 -1.067768
v -0.000091 0.470099 -0.953467
v -0.000023 0.565850 -0.998473
v 0.000037 0.582602 -1.143028
v 0.002016 0.386422 -1.092943
v -0.000675 0.379599 -0.983033
v 0.000031 0.398478 -0.862574
v -0.007453 0.319031 -1.105792
v 0.005418 0.304881 -1.020336
v -0.017499 0.271821 -1.116022
v -0.005786 0.271810 -1.060482
v -0.019940 0.228546 -1.126536
v -0.011901 0.232479 -1.062407
v -0.008072 0.186824 -1.151412
v -0.008015 0.194186 -1.072444
v -0.003205 0.195647 -1.004915
v 0.004642 0.185987 -0.938665
v 0.001095 0.237806 -1.002283
v 0.004869 0.133111 -0.864901
v 0.004181 0.240938 -0.923269
v -0.000020 0.533496 -1.305240
v 0.000385 0.447645 -1.296224
v -0.000065 0.471222 -1.211611
v -0.000341 0.359368 -1.286766
v 0.001616 0.378018 -1.241873
v 0.000597 0.371858 -1.167653
v -0.010103 0.312704 -1.284021
v -0.006439 0.315922 -1.262882
v -0.016440 0.267559 -1.282027
v -0.011931 0.270283 -1.229593
v -0.011061 0.192238 -1.279996
v -0.014556 0.198413 -1.244981
v -0.016662 0.228336 -1.280984
v -0.015154 0.230843 -1.195937
v -0.016084 0.238599 -1.254747
v 0.000545 0.840598 -0.228824
v 0.000097 0.816647 -0.130102
v -0.000013 0.730807 -0.182979
v 0.000155 0.658681 -0.750851
v 0.000520 0.709626 -0.591545
v 0.001168 0.750784 -0.693316
v 0.000021 0.603203 -0.629077
v 0.000000 0.582856 -0.254118
v 0.000062 0.646396 -0.358281
v 0.000292 0.683587 -1.048417
v 0.000736 0.739287 -0.948713
v -0.000017 0.531941 -0.852949
v -0.000049 0.655211 -0.907177
v 0.000008 0.617383 -1.313905
v -0.017981 1.038910 -0.831705
v -0.022146 0.983905 -0.803202
v -0.017943 0.949877 -0.765373
v -0.021779 0.934587 -0.847298
v -0.013852 0.899529 -0.800452
v -0.019030 0.943445 -0.804740
v 0.000022 0.446028 -0.769732
v -0.005940 0.031142 -0.849158
v -0.001860 0.058924 -0.806517
v -0.014567 -0.051879 -0.847334
v -0.009450 -0.020875 -0.806495
v -0.001217 -0.003521 -0.753797
v -0.018597 -0.131727 -0.847999
v -0.017578 -0.099880 -0.807410
v -0.017745 -0.220120 -0.848315
v -0.018261 -0.172447 -0.809723
v -0.015169 -0.151362 -0.767872
v -0.005534 -0.135988 -0.714666
v -0.009004 -0.077863 -0.761857
v -0.000297 -0.062937 -0.713202
v -0.000177 0.311370 -0.823336
v -0.004359 0.248572 -0.838850
v 0.001034 0.260968 -0.776709
v -0.006260 0.185615 -0.840188
v -0.003283 0.174273 -0.760734
v -0.007283 0.126678 -0.805865
v 0.003451 0.233388 -0.712677
v 0.000038 -0.636410 0.570934
v 0.000747 -0.596071 0.651306
v 0.000080 -0.512162 0.619707
v -0.000003 -0.539671 0.514010
v -0.000013 -0.430887 0.538277
v -0.000003 -0.369176 0.200348
v -0.000003 -0.479951 0.095974
v -0.000003 -0.472671 0.234765
v -0.000003 -0.593889 0.217502
v -0.000003 -0.513814 0.317831
v 0.000242 -1.082403 0.599579
v 0.000847 -1.019790 0.664980
v -0.000009 -0.944550 0.607618
v -0.000006 -1.013103 0.513904
v -0.000029 -0.893356 0.482982
v -0.000003 -0.850721 0.141156
v -0.000003 -0.971599 0.128942
v -0.000003 -0.933363 0.236366
v -0.000003 -1.042909 0.196967
v -0.000003 -1.002060 0.303146
v -0.000006 -0.636312 0.396801
v -0.000258 -0.755261 0.508123
v -0.000284 -0.832226 0.579918
v -0.000003 -0.653217 0.022768
v -0.000003 -0.720618 0.155461
v -0.000003 -0.831722 0.280185
v -0.000003 -0.765959 0.233163
v -0.000003 -0.479113 0.424293
v -0.000003 -0.396213 0.328968
v -0.000003 -0.909863 0.352699
v -0.000006 -1.011178 0.407583
v -0.000003 -1.118948 0.310897
v -0.000002 -0.741329 0.317092
v 0.000016 -0.793058 0.393494
v 0.000029 -1.380995 0.531257
v 0.000347 -1.366678 0.636752
v -0.000081 -1.294988 0.576494
v -0.000007 -1.272976 0.492162
v -0.000336 -1.468528 0.595410
v 0.000961 -1.457587 0.681547
v -0.000003 -1.346884 0.101527
v -0.000003 -1.344052 0.228756
v -0.000003 -1.262948 0.160296
v -0.000003 -1.240296 0.043973
v -0.000003 -1.482767 0.227343
v -0.000003 -1.408164 0.332087
v -0.000003 -1.427398 0.140596
v -0.000011 -1.589436 0.630588
v 0.000445 -1.589313 0.693839
v -0.005755 -1.580470 0.633939
v 0.000349 -1.589213 0.749860
v -0.000219 -1.542874 0.662889
v 0.000282 -1.589431 0.547217
v -0.000003 -1.481349 0.414664
v -0.000007 -1.428155 0.472158
v -0.000003 -1.369015 0.435072
v -0.000003 -1.265661 0.362465
v -0.000025 -1.135363 0.468998
v -0.000093 -1.201442 0.573073
v 0.000233 -1.260593 0.642687
v -0.000003 -1.076826 0.015910
v -0.000003 -1.161227 0.165721
v -0.000003 -1.229534 0.247331
v 0.002932 -0.450813 0.705009
v 0.003263 -0.549639 0.694047
v -0.004651 -0.520628 0.758696
v -0.008244 -0.395237 0.786586
v 0.005123 -0.608597 0.688200
v 0.001088 -0.613439 0.729738
v -0.010359 -0.612676 0.797430
v -0.015416 -0.503088 0.837341
v 0.004173 -0.824905 0.686552
v 0.003374 -0.953000 0.695605
v -0.004071 -0.924835 0.755871
v -0.009380 -0.812980 0.788861
v 0.002814 -1.019904 0.715187
v -0.001206 -0.984642 0.737547
v -0.006654 -1.041883 0.776074
v -0.014919 -0.933878 0.832745
v 0.004930 -0.676518 0.672492
v -0.003998 -0.714871 0.760240
v -0.014945 -0.719426 0.833727
v -0.011011 -0.748755 0.795635
v 0.002662 -1.318294 0.710884
v 0.002062 -1.399175 0.709868
v -0.006058 -1.399554 0.769525
v -0.012660 -1.371981 0.821046
v -0.007720 -1.275001 0.780717
v -0.000122 -1.457463 0.738427
v -0.007247 -1.506033 0.787283
v -0.013989 -1.467662 0.828726
v -0.016056 -1.407606 0.865588
v 0.000959 -1.523023 0.737781
v -0.007023 -1.589352 0.796880
v -0.015077 -1.588938 0.881174
v -0.004253 -1.589077 0.917507
v -0.013796 -1.514771 0.880035
v -0.014557 -1.589251 0.841230
v 0.003149 -1.100511 0.698893
v -0.004621 -1.158820 0.761740
v 0.002379 -1.212997 0.710479
v -0.015225 -1.165356 0.833205
v -0.000003 -0.560889 -0.184564
v -0.000003 -0.520206 -0.115169
v -0.000003 -0.456721 -0.211745
v 0.003105 -0.376614 -0.655718
v 0.004131 -0.465723 -0.624083
v 0.000092 -0.393230 -0.562670
v 0.004407 -0.553754 -0.626754
v -0.000162 -0.505463 -0.549850
v -0.000071 -0.442401 -0.457345
v 0.000001 -0.792964 -0.242993
v -0.000003 -0.936856 -0.233927
v -0.000003 -0.893110 -0.124023
v -0.000003 -1.011635 -0.142461
v -0.000003 -0.962229 -0.044455
v 0.004395 -0.836173 -0.633371
v 0.004573 -0.927863 -0.609707
v -0.000250 -0.863207 -0.543202
v 0.004884 -1.012667 -0.618137
v -0.000349 -0.971801 -0.538472
v -0.000118 -0.916966 -0.463947
v -0.000003 -0.567208 -0.265753
v -0.000003 -0.646121 -0.212828
v -0.000003 -0.781615 -0.072487
v -0.000003 -0.698044 -0.125257
v 0.004352 -0.648147 -0.631752
v -0.000116 -0.613750 -0.551353
v 0.003995 -0.736395 -0.650857
v 0.000038 -0.736872 -0.562808
v -0.000118 -0.672339 -0.471288
v -0.000101 -0.290426 -0.467840
v 0.000013 -0.384792 -0.346210
v 0.000011 -0.512367 -0.352009
v -0.000176 -0.793882 -0.431301
v -0.000004 -0.922515 -0.354500
v -0.000055 -1.034558 -0.440711
v -0.000137 -0.566169 -0.458058
v 0.000006 -0.650877 -0.350247
v -0.000003 -1.304722 -0.257995
v -0.000003 -1.357606 -0.177004
v -0.000003 -1.251430 -0.175829
v 0.000000 -1.203698 -0.291604
v -0.000003 -1.474985 -0.184483
v -0.000003 -1.406656 -0.080170
v -0.000002 -1.396609 -0.275439
v 0.005636 -1.273166 -0.615274
v 0.005652 -1.370038 -0.591746
v -0.000181 -1.314017 -0.491363
v 0.004641 -1.461737 -0.620456
v -0.000379 -1.444481 -0.534073
v -0.000129 -1.425890 -0.468524
v 0.005131 -1.528853 -0.636529
v 0.000256 -1.589634 -0.557683
v 0.004647 -1.563513 -0.627835
v 0.006999 -1.589150 -0.645393
v -0.000016 -1.313115 -0.352469
v -0.000016 -1.225762 -0.399559
v -0.000124 -1.161262 -0.475877
v -0.000015 -1.434587 -0.386463
v -0.000001 -1.056531 -0.292390
v -0.000003 -1.136393 -0.164342
v -0.000003 -1.201992 -0.075285
v 0.004634 -1.100537 -0.626399
v -0.000152 -1.077038 -0.546439
v 0.004315 -1.179226 -0.645860
v -0.000081 -1.184116 -0.567379
v -0.000001 -1.136715 -0.384173
v -0.017575 -0.370364 -0.849526
v -0.015594 -0.476181 -0.852850
v -0.017169 -0.418029 -0.796988
v -0.016837 -0.519770 -0.800811
v -0.004715 -0.502984 -0.715940
v -0.018015 -0.582323 -0.847231
v -0.014656 -0.617316 -0.784862
v -0.019810 -0.810310 -0.843206
v -0.017151 -0.923642 -0.849251
v -0.016040 -0.867109 -0.783556
v -0.016452 -0.969030 -0.792284
v -0.003112 -0.957938 -0.704735
v -0.019650 -1.029911 -0.842810
v -0.014291 -1.065101 -0.778458
v -0.017011 -0.694474 -0.848766
v -0.015282 -0.741898 -0.782149
v -0.003210 -0.661702 -0.710356
v -0.005230 -0.799692 -0.712532
v -0.022358 -1.249362 -0.836981
v -0.021060 -1.355293 -0.840756
v -0.015969 -1.298423 -0.771882
v -0.016799 -1.407657 -0.773481
v -0.001853 -1.360135 -0.686482
v -0.021674 -1.446212 -0.835540
v -0.016865 -1.502851 -0.785433
v -0.004014 -1.484169 -0.701926
v -0.014801 -1.527059 -0.853257
v -0.016700 -1.564452 -0.806643
v -0.005174 -1.589337 -0.723659
v -0.008651 -1.589321 -0.862268
v -0.014349 -1.589358 -0.831349
v -0.013696 -1.589371 -0.779602
v -0.018878 -1.139552 -0.844160
v -0.015036 -1.182893 -0.774612
v -0.002476 -1.108424 -0.703706
v -0.004271 -1.233416 -0.701440
v -0.000031 -0.312959 0.572302
v 0.000271 -0.390964 0.636567
v -0.000003 -0.183819 0.139453
v -0.000003 -0.246645 0.209530
v -0.000003 -0.295944 0.290994
v -0.000003 -0.287008 0.383088
v -0.000005 -0.352593 0.455426
v 0.001278 -0.170078 0.737382
v -0.003490 -0.148221 0.789798
v 0.002025 -0.258306 0.719960
v -0.006141 -0.223634 0.797221
v 0.002618 -0.348374 0.714124
v -0.005418 -0.305175 0.766101
v -0.018166 -0.339357 0.837341
v -0.012262 -0.306016 0.807273
v -0.019517 -0.329869 0.890601
v -0.014281 -0.268116 0.849225
v -0.000003 -0.319805 -0.243429
v -0.000003 -0.330771 -0.111601
v -0.000003 -0.227701 -0.166983
v -0.000003 -0.225604 -0.273686
v 0.002643 -0.200482 -0.660151
v 0.000008 -0.178311 -0.571951
v 0.001491 -0.283681 -0.678840
v 0.000285 -0.285606 -0.602961
v -0.000030 -0.144793 -0.461382
v 0.000004 -0.202006 -0.369967
v 0.000002 -0.285727 -0.342019
v -0.014347 -0.294787 -0.856335
v -0.017514 -0.302564 -0.810639
v -0.012094 -0.258651 -0.773669
v -0.014813 -0.231084 -0.804855
v -0.009096 -0.337486 -0.737803
v -0.000023 1.145794 -0.014732
v -0.000003 0.530025 0.020097
v -0.000003 0.459586 -0.019435
v -0.000003 0.455651 0.072203
v -0.000003 0.372794 0.014042
v -0.000003 0.265906 -0.065202
v -0.000003 0.157479 0.043975
v -0.000003 0.039531 -0.043491
v 0.000013 0.856820 -0.031791
v 0.000010 0.743544 -0.068462
v 0.000001 0.752348 0.018023
v -0.000003 0.646189 0.014774
v -0.000003 -0.438618 -0.049779
v -0.000003 -0.539170 -0.029725
v -0.000003 -0.604854 -0.105649
v -0.000003 -0.871454 -0.005123
v -0.000003 -0.949690 0.044632
v -0.000003 -0.776137 0.046626
v -0.000003 -1.349215 0.003939
v -0.000003 -1.463234 0.029104
v -0.016152 0.971281 1.208245
v 0.012884 1.000369 1.229249
v 0.003174 1.009022 1.150455
v 0.034184 1.006122 1.212332
v 0.034185 1.016726 1.160903
v 0.034185 1.026346 1.096361
v 0.034185 0.968228 1.408792
v 0.034185 0.977812 1.344491
v 0.018043 0.966581 1.407507
v 0.034185 1.140248 0.597219
v 0.012337 1.127740 0.660426
v 0.034184 1.114641 0.707941
v 0.034184 1.119624 0.644962
v 0.019504 1.202499 0.396070
v 0.022209 1.196261 0.421400
v 0.034185 1.191189 0.439220
v 0.034185 1.200077 0.404641
v 0.034185 1.156889 0.544188
v -0.001873 -0.074696 0.919149
v 0.013870 -0.096830 0.929054
v 0.013304 -0.038515 0.924933
v 0.034185 -0.129156 0.933417
v 0.034185 -0.056464 0.929042
v 0.034185 0.011832 0.925735
v 0.034185 0.172494 1.168470
v 0.034185 0.174302 1.283377
v 0.034185 1.093382 0.808820
v -0.002928 1.076325 0.823825
v 0.034185 1.072082 0.870555
v -0.010006 1.047239 0.892823
v 0.034185 1.095585 -0.752598
v 0.000008 1.089252 -0.740907
v 0.034185 1.104789 -0.712037
v -0.010233 1.088847 -0.699836
v 0.034185 1.114465 -0.663141
v 0.034184 1.140838 -0.554227
v 0.003267 1.124571 -0.545452
v 0.034185 1.151537 -0.505233
v -0.024366 1.092101 -0.525410
v -0.012553 1.129210 -0.493299
v -0.002333 1.159582 -0.457926
v 0.007473 1.180562 -0.418810
v 0.034185 1.171319 -0.460746
v 0.034185 1.001342 -1.185413
v 0.014637 1.011601 -1.112765
v 0.034185 1.023171 -1.055835
v 0.034184 1.009048 -1.122821
v 0.015679 0.982004 -1.272316
v 0.034184 0.987887 -1.235630
v 0.034184 0.980240 -1.282835
v 0.034185 0.169806 -1.142061
v 0.016174 0.173191 -1.079116
v 0.034184 0.173640 -1.079852
v 0.034185 0.171533 -1.015381
v 0.034185 -0.133332 -0.884401
v 0.000651 -0.166216 -0.875197
v 0.001959 -0.091345 -0.875467
v 0.008238 -0.012788 -0.874274
v 0.016394 0.069276 -0.875650
v 0.034185 0.012073 -0.879438
v 0.034185 -0.058570 -0.881776
v 0.015255 0.173484 -1.214237
v 0.034185 0.172018 -1.260578
v 0.034184 0.173781 -1.197942
v -0.003929 1.040930 -0.919108
v 0.002669 1.054051 -0.873418
v 0.034185 1.065975 -0.850539
v 0.034185 1.053432 -0.917671
v 0.008646 -0.508825 0.926986
v 0.034185 -0.556859 0.934368
v 0.034185 -0.477597 0.931419
v 0.009156 -0.959178 0.927210
v 0.034185 -1.008255 0.934338
v 0.034185 -0.929199 0.931323
v 0.009586 -0.734216 0.927422
v 0.034185 -0.781557 0.934362
v 0.034185 -0.702966 0.931340
v 0.034185 -1.464489 0.933244
v 0.034185 -1.364541 0.930941
v 0.010012 -1.401387 0.927074
v 0.014591 -1.588886 0.932088
v 0.014505 -1.537791 0.928787
v 0.034185 -1.588932 0.934915
v 0.005682 -1.181080 0.925266
v 0.034185 -1.217430 0.934151
v 0.034185 -1.150472 0.931397
v 0.034185 -0.569997 -0.885588
v 0.011200 -0.631491 -0.879648
v 0.005408 -0.543700 -0.879060
v 0.011172 -0.409506 -0.879592
v 0.034185 -0.457795 -0.882115
v 0.011863 -0.480954 -0.880117
v 0.034185 -0.512031 -0.883831
v 0.034185 -1.020622 -0.885581
v 0.009215 -1.079795 -0.878680
v 0.003980 -0.992154 -0.878040
v 0.010615 -0.858706 -0.879321
v 0.034185 -0.910705 -0.882118
v 0.011332 -0.930669 -0.879818
v 0.034185 -0.963207 -0.883817
v 0.034185 -0.798219 -0.885587
v 0.004368 -0.768222 -0.878267
v 0.034185 -0.683457 -0.882141
v 0.011647 -0.704102 -0.879907
v 0.034185 -0.737997 -0.883788
v 0.034185 -1.419644 -0.883739
v 0.000325 -1.469825 -0.874509
v -0.007768 -1.412453 -0.868396
v 0.007102 -1.300356 -0.877668
v 0.034185 -1.359317 -0.882080
v 0.003896 -1.369422 -0.875978
v 0.012500 -1.589244 -0.881742
v 0.034185 -1.484824 -0.883858
v 0.012422 -1.524883 -0.880220
v 0.034185 -1.589164 -0.886124
v 0.034185 -1.550158 -0.883905
v 0.034185 -1.245007 -0.885561
v 0.001555 -1.212847 -0.876375
v 0.034185 -1.134428 -0.882137
v 0.009758 -1.152067 -0.878989
v 0.034185 -1.186618 -0.883554
v 0.008825 -0.284745 0.926978
v 0.034185 -0.328963 0.934316
v 0.034185 -0.249967 0.931516
v 0.034185 -0.346766 -0.885555
v 0.004683 -0.327720 -0.878853
v 0.001377 -0.258865 -0.875548
v 0.001215 -0.214342 -0.873381
v 0.034185 -0.214792 -0.881849
v 0.034185 -0.284891 -0.883641
v -0.000003 -0.223947 -0.054817
v -0.000003 -0.301494 0.061106
v -0.018654 0.978831 1.130025
v -0.019358 0.987699 1.059303
v -0.016114 0.942903 1.098066
v -0.020259 0.998478 0.988206
v -0.016139 0.956762 1.033373
v -0.003731 0.954427 1.408519
v -0.008223 0.958200 1.363040
v -0.015932 0.925519 1.409433
v -0.012587 0.964522 1.288964
v -0.015519 0.923576 1.346679
v -0.017942 0.884257 1.410321
v -0.014518 0.920054 1.268086
v -0.011970 0.873909 1.337171
v -0.010781 0.835850 1.406306
v -0.024098 1.055026 0.773941
v -0.023810 1.013509 0.734056
v -0.022884 1.081369 0.689646
v -0.020190 0.970356 0.739970
v 0.000350 0.809199 0.328529
v 0.001213 0.922318 0.281037
v 0.000281 1.020315 0.198492
v -0.000210 0.875668 0.200416
v -0.004987 0.851702 0.513007
v -0.030993 0.973169 0.542244
v -0.020814 0.926402 0.509158
v 0.019499 1.170445 0.464340
v 0.013094 1.184918 0.433379
v 0.003200 1.176208 0.457319
v 0.014043 1.160814 0.482625
v 0.001047 1.157341 0.506398
v -0.015411 0.196528 1.136196
v -0.018385 0.237357 1.106560
v -0.013133 0.196656 1.060124
v -0.010432 0.283514 1.083491
v -0.006090 0.236256 1.038312
v -0.005730 0.189108 0.989462
v -0.009456 0.316349 1.355826
v -0.016065 0.271690 1.353634
v -0.017072 0.229548 1.352123
v -0.015916 0.202031 1.291566
v -0.011985 0.193267 1.351187
v 0.000001 0.287376 0.465482
v -0.000003 0.298056 0.279788
v 0.000356 0.747244 0.695989
v 0.000358 0.764691 0.563758
v 0.000663 0.756169 0.456530
v -0.020242 1.014561 0.932158
v -0.020178 0.976332 0.936431
v -0.023887 1.008560 0.894990
v -0.017622 0.945596 0.924122
v -0.004809 -0.030079 0.911899
v -0.011746 -0.081430 0.895348
v -0.005594 0.028161 0.907480
v -0.008983 -0.026922 0.880686
v -0.015331 -0.086731 0.855442
v -0.002919 0.096139 0.909966
v -0.001505 0.035515 0.871054
v -0.005847 -0.028887 0.836309
v -0.009848 -0.092944 0.810318
v -0.005206 0.247771 0.850136
v -0.003118 0.282417 0.846484
v 0.000806 0.765652 0.822300
v -0.001283 0.813449 -0.519159
v -0.013456 0.905789 -0.553661
v 0.000006 0.819763 -0.622912
v -0.002936 1.060749 -0.309328
v -0.012025 1.042042 -0.368802
v -0.006357 1.010552 -0.332129
v 0.000905 1.203673 -0.331018
v -0.004995 1.189439 -0.352193
v -0.005690 1.186224 -0.301020
v -0.014189 0.881198 -0.873168
v -0.001713 0.819668 -0.921399
v -0.003169 0.836693 -0.836988
v -0.018402 0.917871 -0.899009
v -0.011358 0.879947 -0.927219
v 0.001748 0.771483 -1.111890
v -0.010094 0.839094 -1.150547
v 0.001605 0.773086 -1.210843
v -0.015443 0.890461 -1.173757
v 0.001608 0.772054 -1.292880
v -0.000002 0.545395 -0.107036
v -0.000003 -0.039472 0.011567
v -0.000003 -0.101574 -0.103488
v -0.000014 0.051499 -0.510836
v -0.000007 0.266492 -0.525529
v -0.003099 0.315224 -0.901408
v 0.001364 0.310074 -0.957476
v -0.009264 0.310455 -1.185787
v -0.016408 0.263972 -1.170882
v -0.000005 0.658585 -0.101392
v 0.000018 0.636397 -0.180974
v 0.000789 0.728661 -0.446874
v 0.001254 0.764195 -0.323212
v -0.000301 0.672456 -0.262069
v 0.000859 0.753157 -0.840777
v 0.000566 0.690170 -1.186381
v 0.001029 0.711459 -1.271062
v 0.000467 0.700615 -1.322453
v -0.001112 0.827644 -0.741726
v -0.016521 0.918173 -0.729949
v -0.020930 0.954900 -0.728385
v -0.003967 0.076642 -0.750556
v 0.001153 0.747213 -0.756836
v 0.000374 -0.744446 0.606769
v -0.000003 -0.689323 0.266463
v -0.000002 -1.489362 0.504355
v -0.000003 -1.509611 0.322813
v -0.000003 -1.507461 0.127609
v -0.000003 -1.589443 0.171479
v -0.000003 -1.589444 0.369743
v -0.000003 -1.589442 0.274181
v -0.000008 -1.589449 0.463315
v 0.000760 -1.170742 0.646494
v -0.017335 -0.400696 0.851673
v -0.015512 -0.441772 0.900869
v -0.017100 -0.551706 0.897728
v -0.017378 -0.825421 0.851380
v -0.015143 -0.885927 0.901728
v -0.016954 -0.775310 0.897924
v -0.018046 -0.997945 0.896069
v -0.017214 -0.608363 0.856568
v -0.014383 -0.662718 0.902718
v -0.017382 -1.298038 0.851191
v -0.014038 -1.339739 0.903836
v -0.018674 -1.225412 0.895462
v -0.011907 -1.442429 0.906824
v -0.005691 -1.512833 0.915948
v -0.017144 -1.049908 0.849360
v -0.015718 -1.110161 0.900756
v -0.000003 -1.301052 -0.077080
v -0.000003 -1.504336 -0.081905
v -0.000003 -1.495146 -0.291454
v -0.000003 -1.589481 -0.243452
v -0.000003 -1.589448 -0.034893
v -0.000003 -1.589453 -0.138603
v -0.000053 -1.511014 -0.460791
v 0.000012 -1.589572 -0.452980
v -0.000003 -1.589515 -0.348267
v 0.001295 -0.590748 -0.673658
v 0.002517 -1.044197 -0.665933
v 0.003504 -1.550791 -0.667486
v 0.000542 -0.204437 0.641828
v -0.000011 -0.211749 0.496498
v 0.000874 -0.302076 0.657787
v -0.008247 -0.128676 0.913559
v -0.015549 -0.143422 0.875832
v -0.014444 -0.216330 0.902195
v -0.011616 -0.148796 0.831713
v -0.013459 -0.199959 0.851434
v -0.000003 -0.157260 -0.213849
v -0.000003 -0.144846 -0.298975
v -0.006579 -0.224480 -0.730563
v -0.012929 -0.207376 -0.777528
v -0.000001 0.976269 0.066188
v 0.000001 1.145749 0.078882
v -0.000003 0.047423 0.056482
v -0.000003 -0.140945 0.046053
v -0.000003 0.718558 0.067907
v -0.000003 -1.589445 0.068627
v -0.007409 1.020438 1.022231
v 0.034185 1.037053 0.984368
v -0.009245 1.024404 0.986279
v -0.003454 1.015141 1.082297
v 0.034185 1.033792 1.034442
v 0.013702 0.981630 1.316970
v 0.034185 0.992260 1.272070
v 0.009196 1.105166 0.747074
v 0.034184 1.104413 0.761157
v 0.034185 1.178979 0.460779
v 0.025503 1.171529 0.469823
v 0.034185 1.163554 0.483062
v 0.034185 1.156404 0.507055
v 0.033743 1.164072 0.515604
v 0.020668 0.157665 0.934466
v 0.039366 0.153739 0.936712
v 0.019023 0.178114 1.011515
v 0.034184 0.149570 0.939712
v 0.034184 0.175027 1.009682
v 0.034185 0.173647 1.079737
v 0.005578 0.174700 1.088918
v 0.020739 0.078064 0.918562
v 0.008241 0.010848 0.923927
v 0.034184 0.073581 0.922969
v 0.034185 0.170760 1.350347
v 0.008500 0.175355 1.350658
v -0.008462 1.032411 0.952315
v 0.034185 1.052488 0.932841
v -0.020083 1.090886 -0.583426
v 0.034185 1.121069 -0.601769
v -0.015636 1.090255 -0.642868
v 0.012253 1.193555 -0.373639
v 0.018216 1.205770 -0.343805
v 0.034185 1.202303 -0.352981
v 0.016863 1.202399 -0.351115
v 0.034185 1.179569 -0.411974
v 0.001215 1.033832 -0.970008
v 0.006128 1.022978 -1.037821
v 0.034185 1.037172 -0.990721
v 0.016491 0.971471 -1.333778
v 0.034185 0.975155 -1.320472
v 0.023715 0.152086 -0.874676
v 0.034185 0.178408 -0.944044
v 0.034185 0.156979 -0.881196
v 0.010316 0.176088 -1.022124
v 0.034185 0.090517 -0.868812
v 0.010661 0.174226 -1.279443
v 0.034185 0.170671 -1.279226
v 0.000792 1.077207 -0.785314
v 0.007959 1.067254 -0.829148
v 0.034185 1.079355 -0.801646
v 0.006741 -0.370062 0.928296
v 0.013922 -0.438567 0.929417
v 0.034185 -0.401727 0.932637
v 0.007977 -0.820863 0.928953
v 0.013682 -0.888932 0.929408
v 0.034185 -0.853042 0.932650
v 0.008167 -0.595038 0.928998
v 0.014098 -0.663698 0.929521
v 0.034185 -0.626983 0.932689
v 0.006318 -1.266361 0.928351
v 0.013519 -1.332677 0.929506
v 0.034185 -1.293147 0.933094
v 0.007327 -1.472837 0.927623
v 0.006802 -1.046108 0.928398
v 0.011652 -1.114519 0.928649
v 0.034185 -1.086585 0.932568
v 0.034185 -0.404658 -0.883800
v 0.034185 -0.856662 -0.883843
v 0.034185 -0.629275 -0.883881
v 0.034185 -1.303837 -0.884001
v 0.034185 -1.080249 -0.883907
v 0.011485 -0.162104 0.929739
v 0.015096 -0.219635 0.929539
v 0.034185 -0.188506 0.932095
vt 1.208366 1.336220
vt 1.189174 1.320953
vt 1.211558 1.320562
vt 1.228509 1.320754
vt 1.168338 1.289838
vt 1.218239 1.302883
vt 1.191454 1.233633
vt 1.248487 1.261492
vt 1.258208 1.305906
vt 1.351954 1.314090
vt 1.314060 1.282903
vt 1.401610 1.257975
vt 1.328621 1.226885
vt 1.394569 1.197685
vt 1.455971 1.196892
vt 1.517449 1.201826
vt 1.473258 1.238967
vt 0.898421 1.449583
vt 0.911628 1.376859
vt 0.960189 1.387390
vt 0.919094 1.331313
vt 0.952524 1.343757
vt 0.995014 1.345849
vt 0.899917 1.295331
vt 0.948654 1.299363
vt 0.933350 1.245335
vt 0.992607 1.265619
vt 1.056637 1.250537
vt 1.029683 1.309973
vt 0.983199 1.313353
vt 0.809340 1.446830
vt 0.852785 1.395449
vt 0.749993 1.449419
vt 0.790131 1.400958
vt 0.825969 1.349604
vt 0.680067 1.486409
vt 0.729929 1.411619
vt 0.608115 1.474916
vt 0.669868 1.420966
vt 0.706710 1.358240
vt 0.748414 1.294844
vt 0.770257 1.352501
vt 0.791864 1.248417
vt 0.808931 1.299979
vt 0.757040 1.512110
vt 0.734379 1.499684
vt 0.779301 1.503667
vt 0.787533 1.497803
vt 0.818191 1.483094
vt 1.162242 1.021048
vt 1.175155 0.935574
vt 1.254688 0.979105
vt 1.144792 0.858214
vt 1.225695 0.891418
vt 1.297049 0.919052
vt 1.272821 0.872078
vt 1.240485 0.839314
vt 1.159343 0.800761
vt 1.195378 0.836836
vt 1.169369 0.751392
vt 1.206346 0.798751
vt 1.505743 1.063016
vt 1.415957 1.034898
vt 1.500172 0.999669
vt 1.327446 1.041012
vt 1.363121 0.972740
vt 1.388341 1.093098
vt 1.491507 0.903716
vt 1.457632 0.913876
vt 1.465558 0.870479
vt 1.410414 0.923771
vt 1.423628 0.876347
vt 1.445299 0.836179
vt 1.352348 0.912166
vt 1.372114 0.877252
vt 1.319281 0.876096
vt 1.338132 0.838531
vt 1.360706 0.803793
vt 1.392040 0.838500
vt 1.388693 0.773899
vt 1.418595 0.804430
vt 0.889440 0.906615
vt 0.953357 0.936996
vt 0.925425 0.993128
vt 0.577386 1.029012
vt 0.609432 0.947418
vt 0.671643 1.011016
vt 0.618948 0.869650
vt 0.688014 0.926101
vt 0.560182 0.898055
vt 0.893480 0.693497
vt 0.945974 0.617181
vt 0.978907 0.689350
vt 0.924515 0.539453
vt 1.004765 0.559072
vt 0.615017 0.687590
vt 0.570823 0.595132
vt 0.669725 0.605745
vt 0.665513 0.516561
vt 0.738556 0.562321
vt 0.603003 0.539362
vt 0.903604 0.805634
vt 0.992811 0.769737
vt 0.540275 0.830852
vt 0.612328 0.785769
vt 0.720388 0.704478
vt 0.680543 0.761978
vt 0.755604 0.993141
vt 0.838258 0.988798
vt 0.804279 1.041261
vt 0.743440 1.096280
vt 0.779055 0.897537
vt 0.777833 0.645045
vt 0.840563 0.575538
vt 0.747107 0.482881
vt 0.755604 0.796822
vt 0.814255 0.745624
vt 1.162586 1.180019
vt 1.255344 1.185932
vt 1.204366 1.112590
vt 1.248317 1.053745
vt 1.295703 1.108221
vt 1.511947 1.136145
vt 1.435609 1.144072
vt 1.350345 1.160954
vt 0.876102 1.088403
vt 0.993387 1.063087
vt 0.576139 1.120090
vt 0.643248 1.083857
vt 0.646131 1.164061
vt 0.552877 1.207349
vt 1.100980 1.387547
vt 1.072307 1.366369
vt 1.123866 1.342666
vt 1.055357 1.340258
vt 1.086644 1.338203
vt 1.094658 1.303052
vt 1.129123 1.240808
vt 1.002573 0.969971
vt 0.988786 0.878384
vt 1.089264 0.930628
vt 1.122038 0.755778
vt 1.127855 0.702638
vt 1.071091 0.765743
vt 1.079241 0.706806
vt 1.091963 0.651209
vt 1.031489 0.716698
vt 1.055366 0.543891
vt 1.064834 0.593666
vt 1.029457 0.648393
vt 1.074976 0.834879
vt 1.097204 1.110243
vt 1.069049 1.019328
vt 0.286485 1.478585
vt 0.292364 1.417905
vt 0.368531 1.468206
vt 0.270332 1.363110
vt 0.333345 1.367869
vt 0.240728 1.326793
vt 0.288671 1.307545
vt 0.226517 1.270343
vt 0.420378 1.361570
vt 0.365814 1.290079
vt 0.113188 1.385125
vt 0.060762 1.380403
vt 0.083928 1.340974
vt 0.013338 1.381699
vt 0.027748 1.336009
vt -0.032696 1.382742
vt -0.016119 1.348523
vt -0.083214 1.385368
vt -0.063161 1.343476
vt -0.036889 1.317964
vt -0.008849 1.284476
vt -0.008132 1.322201
vt 0.123451 1.345790
vt 0.157874 1.364787
vt 0.116937 1.308125
vt 0.150518 1.327982
vt 0.194979 1.332003
vt 0.121291 1.264409
vt 0.161620 1.288630
vt 0.163921 1.228184
vt 0.188470 1.487365
vt 0.170357 1.472079
vt 0.206074 1.477031
vt 0.147595 1.447833
vt 0.189039 1.451913
vt 0.230724 1.466322
vt 0.122352 1.424290
vt 0.163364 1.413582
vt 0.223914 1.432404
vt 0.261924 1.431836
vt -0.186220 1.366282
vt -0.224292 1.352817
vt -0.187039 1.329331
vt -0.274825 1.343812
vt -0.250318 1.316412
vt -0.229270 1.285282
vt -0.332606 1.336121
vt -0.306611 1.307728
vt -0.404445 1.327783
vt -0.368165 1.298484
vt -0.339013 1.267640
vt -0.312441 1.230827
vt -0.281885 1.276016
vt -0.274339 1.187782
vt -0.253372 1.242494
vt -0.473289 1.306697
vt -0.436577 1.284402
vt -0.516259 1.301968
vt -0.514650 1.275291
vt -0.456412 1.232342
vt -0.510691 1.213459
vt -0.507824 1.175381
vt -0.502962 1.208620
vt -0.512993 1.247490
vt 0.277175 0.889152
vt 0.335173 0.857598
vt 0.306250 0.948292
vt 0.408676 0.911184
vt -0.013015 0.928406
vt 0.056567 0.924112
vt 0.038877 0.989388
vt -0.049103 1.001136
vt 0.033167 0.862621
vt 0.113821 0.881118
vt 0.416808 0.715770
vt 0.324254 0.752596
vt 0.350657 0.640382
vt 0.315695 0.556718
vt 0.271000 0.604794
vt 0.254851 0.675238
vt 0.184479 0.596228
vt -0.002500 0.726163
vt -0.026503 0.676355
vt 0.034878 0.656735
vt -0.016741 0.609529
vt 0.072544 0.572741
vt 0.004244 0.531629
vt 0.256721 0.833125
vt 0.220558 0.757654
vt -0.062334 0.854071
vt 0.016938 0.789789
vt 0.080768 0.724566
vt 0.121893 0.963413
vt 0.207309 0.907954
vt 0.208823 1.005654
vt 0.114272 1.056006
vt 0.172598 0.824797
vt 0.210813 0.522586
vt 0.248261 0.555137
vt 0.147370 0.759980
vt 0.167239 0.691814
vt -0.310447 0.955340
vt -0.225606 0.953188
vt -0.260039 1.023727
vt -0.367457 1.034574
vt -0.328150 0.889588
vt -0.246552 0.885728
vt -0.157396 0.901051
vt -0.336982 0.839454
vt -0.273383 0.829892
vt -0.344093 0.804319
vt -0.302847 0.804919
vt -0.351429 0.772101
vt -0.303868 0.775720
vt -0.369381 0.740879
vt -0.310880 0.747204
vt -0.260783 0.749026
vt -0.211500 0.742585
vt -0.259274 0.780330
vt -0.156201 0.704166
vt -0.200682 0.783518
vt -0.487254 0.996371
vt -0.479625 0.932783
vt -0.417116 0.951198
vt -0.471646 0.867399
vt -0.438540 0.881725
vt -0.383418 0.877967
vt -0.469138 0.832811
vt -0.453477 0.835430
vt -0.467190 0.799342
vt -0.428305 0.801937
vt -0.464839 0.743489
vt -0.438945 0.748452
vt -0.465988 0.770256
vt -0.402920 0.773046
vt -0.446635 0.778156
vt 0.307905 1.235961
vt 0.381399 1.219273
vt 0.343112 1.155016
vt -0.077361 1.095300
vt 0.040261 1.134835
vt -0.035683 1.164255
vt 0.013580 1.055476
vt 0.291957 1.044482
vt 0.213992 1.090479
vt -0.298375 1.110523
vt -0.225020 1.152933
vt -0.151715 1.000164
vt -0.193291 1.091017
vt -0.494599 1.058507
vt -0.141569 1.376482
vt -0.119840 1.335989
vt -0.091389 1.311160
vt -0.152011 1.298921
vt -0.116845 1.273427
vt -0.120526 1.305958
vt -0.089043 0.937340
vt -0.143450 0.628693
vt -0.112105 0.649769
vt -0.141223 0.567124
vt -0.111246 0.590571
vt -0.072311 0.604022
vt -0.140858 0.507882
vt -0.111093 0.531952
vt -0.140123 0.442306
vt -0.112018 0.478093
vt -0.081190 0.494193
vt -0.041851 0.506181
vt -0.077507 0.548784
vt -0.041543 0.560389
vt -0.127336 0.836860
vt -0.138174 0.790104
vt -0.092191 0.799979
vt -0.138486 0.743385
vt -0.079409 0.735840
vt -0.112384 0.700039
vt -0.044379 0.780220
vt 0.917336 0.149007
vt 0.976519 0.179811
vt 0.952158 0.241712
vt 0.874049 0.220149
vt 0.890862 0.301114
vt 0.639502 0.343199
vt 0.563286 0.259881
vt 0.666166 0.266799
vt 0.654685 0.176686
vt 0.728236 0.237186
vt 0.943463 -0.181534
vt 0.991296 -0.134370
vt 0.947918 -0.079181
vt 0.879148 -0.131061
vt 0.854900 -0.042567
vt 0.600858 -0.014676
vt 0.593119 -0.104481
vt 0.672391 -0.074942
vt 0.644361 -0.156638
vt 0.722681 -0.125174
vt 0.788157 0.147176
vt 0.872039 0.060152
vt 0.926140 0.003842
vt 0.510875 0.130545
vt 0.610047 0.081995
vt 0.703785 0.000938
vt 0.668184 0.049210
vt 0.806833 0.264092
vt 0.735212 0.324548
vt 0.758433 -0.056237
vt 0.800255 -0.130796
vt 0.729709 -0.211801
vt 0.730176 0.068399
vt 0.787418 0.030860
vt 0.896044 -0.403787
vt 0.974147 -0.392013
vt 0.928661 -0.339490
vt 0.865861 -0.324082
vt 0.944590 -0.468021
vt 1.008374 -0.458963
vt 0.576885 -0.383182
vt 0.671236 -0.379689
vt 0.619564 -0.320272
vt 0.533025 -0.304740
vt 0.671705 -0.482609
vt 0.748591 -0.426120
vt 0.606748 -0.442483
vt 0.972009 -0.557331
vt 1.018931 -0.556548
vt 0.974375 -0.550643
vt 1.060487 -0.555861
vt 0.995461 -0.522436
vt 0.910163 -0.558238
vt 0.810649 -0.479509
vt 0.852718 -0.439419
vt 0.824560 -0.395952
vt 0.769568 -0.320074
vt 0.847172 -0.222249
vt 0.925100 -0.270131
vt 0.977389 -0.313251
vt 0.510419 -0.183779
vt 0.622476 -0.244752
vt 0.683764 -0.294533
vt 1.014777 0.288156
vt 1.007727 0.214724
vt 1.055338 0.236951
vt 1.074642 0.330275
vt 1.004042 0.170923
vt 1.034893 0.167784
vt 1.085056 0.169090
vt 1.113445 0.250822
vt 1.005181 0.010439
vt 1.013294 -0.084488
vt 1.057664 -0.062935
vt 1.080894 0.020403
vt 1.028550 -0.133905
vt 1.044736 -0.107503
vt 1.073921 -0.149545
vt 1.114748 -0.068804
vt 0.993131 0.120365
vt 1.058610 0.092871
vt 1.113132 0.090295
vt 1.085210 0.068121
vt 1.028620 -0.355309
vt 1.028749 -0.415321
vt 1.072976 -0.414950
vt 1.110869 -0.393933
vt 1.079911 -0.322430
vt 1.050564 -0.458249
vt 1.087310 -0.493746
vt 1.117607 -0.464829
vt 1.144288 -0.419874
vt 1.050805 -0.506891
vt 1.095341 -0.555451
vt 1.157836 -0.554222
vt 1.184833 -0.553927
vt 1.156185 -0.499215
vt 1.128210 -0.554891
vt 1.017346 -0.193881
vt 1.064574 -0.236450
vt 1.027168 -0.277200
vt 1.117620 -0.240518
vt 0.356061 0.196770
vt 0.407095 0.227709
vt 0.334758 0.273749
vt 0.004543 0.328321
vt 0.028989 0.262562
vt 0.073739 0.317012
vt 0.027972 0.197229
vt 0.084475 0.233893
vt 0.152409 0.281686
vt 0.315254 0.023970
vt 0.323553 -0.082676
vt 0.404604 -0.049022
vt 0.392223 -0.137149
vt 0.464386 -0.099426
vt 0.026151 -0.012353
vt 0.044709 -0.080113
vt 0.093318 -0.031422
vt 0.039384 -0.143116
vt 0.098014 -0.111929
vt 0.152700 -0.070436
vt 0.295902 0.191195
vt 0.336026 0.133233
vt 0.441616 0.034253
vt 0.401556 0.095672
vt 0.025296 0.127150
vt 0.084544 0.153545
vt 0.012087 0.061475
vt 0.077394 0.062084
vt 0.144579 0.110957
vt 0.142961 0.394312
vt 0.234222 0.325638
vt 0.231315 0.230935
vt 0.175572 0.021230
vt 0.233952 -0.073355
vt 0.171223 -0.157416
vt 0.153233 0.189863
vt 0.234137 0.128202
vt 0.309721 -0.355835
vt 0.370381 -0.394181
vt 0.370091 -0.315403
vt 0.283685 -0.281260
vt 0.366116 -0.481339
vt 0.442751 -0.429509
vt 0.297786 -0.424191
vt 0.044359 -0.336332
vt 0.062872 -0.407938
vt 0.136704 -0.365283
vt 0.042573 -0.476278
vt 0.106446 -0.462533
vt 0.154870 -0.448024
vt 0.031385 -0.526243
vt 0.090521 -0.570471
vt 0.038212 -0.551860
vt 0.025477 -0.571070
vt 0.239730 -0.363095
vt 0.203842 -0.298808
vt 0.146521 -0.251794
vt 0.215840 -0.453579
vt 0.281492 -0.172094
vt 0.377355 -0.229939
vt 0.444137 -0.277629
vt 0.034215 -0.208391
vt 0.093256 -0.190085
vt 0.020637 -0.266979
vt 0.078893 -0.269748
vt 0.214282 -0.232581
vt -0.139378 0.330836
vt -0.140679 0.252301
vt -0.099881 0.296051
vt -0.101603 0.220534
vt -0.038780 0.233916
vt -0.135359 0.173622
vt -0.088696 0.148345
vt -0.129887 0.004537
vt -0.133122 -0.079603
vt -0.085002 -0.036946
vt -0.090363 -0.112651
vt -0.025487 -0.103463
vt -0.127192 -0.158367
vt -0.079048 -0.183768
vt -0.135268 0.090408
vt -0.085324 0.055955
vt -0.032896 0.116234
vt -0.033009 0.013844
vt -0.120479 -0.321100
vt -0.122115 -0.399725
vt -0.071625 -0.356783
vt -0.071620 -0.437835
vt -0.007543 -0.401628
vt -0.117254 -0.467115
vt -0.079445 -0.508584
vt -0.017652 -0.493811
vt -0.129486 -0.527283
vt -0.094505 -0.554513
vt -0.032629 -0.572066
vt -0.135466 -0.573570
vt -0.112552 -0.573260
vt -0.074162 -0.572703
vt -0.126991 -0.239717
vt -0.074910 -0.271109
vt -0.023075 -0.215088
vt -0.020034 -0.307787
vt 0.914813 0.388970
vt 0.963341 0.331806
vt 0.592302 0.480038
vt 0.644974 0.434197
vt 0.705945 0.398516
vt 0.774165 0.406152
vt 0.828545 0.358290
vt 1.035716 0.496770
vt 1.074343 0.513557
vt 1.023760 0.431128
vt 1.080663 0.457693
vt 1.020418 0.364249
vt 1.058472 0.396863
vt 1.111644 0.372283
vt 1.088997 0.396689
vt 1.151045 0.379904
vt 1.119696 0.425263
vt 0.309757 0.374972
vt 0.407670 0.368278
vt 0.365460 0.444134
vt 0.286281 0.444523
vt -0.000673 0.458934
vt 0.064503 0.476345
vt -0.013632 0.397009
vt 0.042674 0.396411
vt 0.146160 0.502419
vt 0.214600 0.460976
vt 0.236248 0.399174
vt -0.145243 0.386828
vt -0.111272 0.381558
vt -0.084305 0.414539
vt -0.107752 0.434648
vt -0.056825 0.356449
vt 0.463384 1.464708
vt 0.495955 1.008289
vt 0.467399 0.955602
vt 0.535422 0.953685
vt 0.493182 0.891583
vt 0.435566 0.811423
vt 0.517742 0.732182
vt 0.454147 0.643727
vt 0.453889 1.250150
vt 0.427925 1.165717
vt 0.491985 1.173193
vt 0.490736 1.094405
vt 0.454711 0.288949
vt 0.470687 0.214575
vt 0.415083 0.165018
vt 0.492571 -0.031656
vt 0.530336 -0.089151
vt 0.529917 0.039619
vt 0.504517 -0.385978
vt 0.524432 -0.470286
vt 1.372467 1.348619
vt 1.387843 1.370430
vt 1.329259 1.375986
vt 1.375314 1.374515
vt 1.337046 1.381819
vt 1.289062 1.388250
vt 1.521467 1.348552
vt 1.473662 1.354958
vt 1.520469 1.347314
vt 0.917540 1.467288
vt 0.964480 1.458699
vt 0.999956 1.449502
vt 0.953182 1.452511
vt 0.767584 1.511267
vt 0.786454 1.506917
vt 0.799775 1.503351
vt 0.774026 1.509566
vt 0.878018 1.479053
vt 1.169501 0.569515
vt 1.177152 0.553205
vt 1.173455 0.596420
vt 1.180821 0.529274
vt 1.176781 0.583151
vt 1.173581 0.633780
vt 1.351891 0.755619
vt 1.437113 0.758217
vt 1.075024 1.434835
vt 1.086197 1.422342
vt 1.121053 1.419709
vt 1.137671 1.401519
vt -0.083302 1.419396
vt -0.074693 1.414822
vt -0.053313 1.426667
vt -0.044261 1.414970
vt -0.017147 1.434380
vt 0.063360 1.455135
vt 0.069927 1.443161
vt 0.099588 1.463608
vt 0.085042 1.419290
vt 0.108503 1.447171
vt 0.134451 1.470090
vt 0.163277 1.486082
vt 0.132373 1.478769
vt -0.403345 1.344750
vt -0.349641 1.353153
vt -0.307460 1.362361
vt -0.356997 1.351151
vt -0.467673 1.329453
vt -0.440451 1.334220
vt -0.475385 1.328031
vt -0.362093 0.728360
vt -0.315506 0.731558
vt -0.315987 0.731885
vt -0.268137 0.731026
vt -0.167639 0.506299
vt -0.160582 0.482002
vt -0.161596 0.537541
vt -0.161546 0.595831
vt -0.163432 0.656695
vt -0.165547 0.614220
vt -0.166509 0.561789
vt -0.415749 0.730298
vt -0.450036 0.728705
vt -0.403591 0.730698
vt -0.206375 1.377026
vt -0.172598 1.387260
vt -0.155634 1.396359
vt -0.205297 1.386320
vt 1.180102 0.247548
vt 1.186203 0.211998
vt 1.183149 0.270765
vt 1.185195 -0.086538
vt 1.191117 -0.122864
vt 1.188016 -0.064251
vt 1.182894 0.080350
vt 1.188656 0.045309
vt 1.185555 0.103577
vt 1.195294 -0.461328
vt 1.192493 -0.387208
vt 1.189933 -0.414586
vt 1.195721 -0.553625
vt 1.192713 -0.515756
vt 1.197895 -0.553626
vt 1.186166 -0.251174
vt 1.193266 -0.278040
vt 1.190490 -0.228399
vt -0.163745 0.182351
vt -0.158756 0.136796
vt -0.159302 0.201928
vt -0.161141 0.301473
vt -0.162395 0.265625
vt -0.160747 0.248465
vt -0.163075 0.225372
vt -0.158812 -0.151939
vt -0.153143 -0.195762
vt -0.153647 -0.130741
vt -0.156031 -0.031757
vt -0.157445 -0.070360
vt -0.155610 -0.085147
vt -0.158132 -0.109327
vt -0.161249 0.013048
vt -0.156263 0.035378
vt -0.159947 0.098220
vt -0.158152 0.082927
vt -0.160572 0.057743
vt -0.153083 -0.447928
vt -0.145819 -0.485056
vt -0.141943 -0.442429
vt -0.149989 -0.359372
vt -0.152511 -0.403157
vt -0.147992 -0.410589
vt -0.149831 -0.573724
vt -0.152458 -0.496282
vt -0.149406 -0.525962
vt -0.152998 -0.573710
vt -0.151778 -0.544750
vt -0.156344 -0.318396
vt -0.150008 -0.294441
vt -0.155013 -0.236327
vt -0.152580 -0.249380
vt -0.155493 -0.275058
vt 1.177647 0.413779
vt 1.183673 0.381059
vt 1.180732 0.439631
vt -0.166161 0.347953
vt -0.161513 0.362152
vt -0.159827 0.413267
vt -0.158707 0.446320
vt -0.164855 0.445897
vt -0.165418 0.393875
vt 0.448626 0.448145
vt 0.535469 0.391885
vt 1.314349 1.353364
vt 1.261786 1.359169
vt 1.291043 1.326362
vt 1.208923 1.366388
vt 1.242901 1.335936
vt 1.521268 1.338307
vt 1.487472 1.340609
vt 1.522215 1.316871
vt 1.432434 1.344488
vt 1.475685 1.314743
vt 1.523317 1.286271
vt 1.417425 1.311271
vt 1.469189 1.277795
vt 1.520895 1.250317
vt 1.049342 1.405995
vt 1.020209 1.374760
vt 0.986526 1.424615
vt 1.025082 1.342812
vt 0.721706 1.218763
vt 0.685242 1.302160
vt 0.622933 1.373955
vt 0.625940 1.266671
vt 0.858072 1.252310
vt 0.878331 1.342736
vt 0.854338 1.307682
vt 0.818579 1.488235
vt 0.795428 1.498633
vt 0.813244 1.492432
vt 0.832228 1.481290
vt 0.849850 1.478972
vt 1.327493 0.773091
vt 1.305050 0.803055
vt 1.271069 0.772354
vt 1.287464 0.837044
vt 1.254482 0.801493
vt 1.218761 0.765983
vt 1.489134 0.864381
vt 1.487970 0.831226
vt 1.487306 0.799947
vt 1.442689 0.778872
vt 1.487029 0.773023
vt 0.829007 0.833153
vt 0.691137 0.839045
vt 0.994976 1.176820
vt 0.896692 1.188317
vt 0.817242 1.180823
vt 1.167169 1.377707
vt 1.170757 1.349394
vt 1.139648 1.372848
vt 1.161972 1.326458
vt 1.163623 0.602534
vt 1.151880 0.564258
vt 1.159705 0.645690
vt 1.140418 0.604534
vt 1.122320 0.559889
vt 1.160816 0.696146
vt 1.132619 0.650748
vt 1.107532 0.602591
vt 1.088935 0.554787
vt 1.114766 0.807978
vt 1.111686 0.833640
vt 1.088477 1.191857
vt 0.092816 1.212646
vt 0.066164 1.280769
vt 0.015785 1.216196
vt 0.245764 1.398397
vt 0.201813 1.383868
vt 0.229385 1.360909
vt 0.228126 1.504187
vt 0.212550 1.493395
vt 0.250544 1.491570
vt -0.170588 1.259033
vt -0.205646 1.212861
vt -0.143219 1.226414
vt -0.190175 1.285956
vt -0.210660 1.257514
vt -0.346417 1.175033
vt -0.375879 1.224766
vt -0.419841 1.175141
vt -0.393680 1.262618
vt -0.480687 1.173478
vt 0.401476 1.018300
vt 0.495854 0.585721
vt 0.411183 0.538394
vt 0.107327 0.647495
vt 0.094077 0.806824
vt -0.185306 0.838865
vt -0.226825 0.834432
vt -0.396237 0.832217
vt -0.384700 0.797896
vt 0.404425 1.102331
vt 0.345632 1.085001
vt 0.147374 1.150538
vt 0.238723 1.178251
vt 0.285078 1.110864
vt -0.145101 1.164403
vt -0.400792 1.113898
vt -0.463841 1.128765
vt -0.501848 1.120158
vt -0.072445 1.220743
vt -0.064758 1.288028
vt -0.064017 1.315290
vt -0.070794 0.663525
vt -0.082765 1.160911
vt 0.945101 0.069254
vt 0.692049 0.106425
vt 0.877272 -0.484472
vt 0.742821 -0.501479
vt 0.597989 -0.502018
vt 0.631430 -0.562356
vt 0.778507 -0.560189
vt 0.707617 -0.561232
vt 0.847922 -0.559169
vt 0.979233 -0.246554
vt 1.122950 0.326937
vt 1.159901 0.297003
vt 1.158767 0.215415
vt 1.127377 0.011857
vt 1.165396 -0.032478
vt 1.161358 0.049540
vt 1.162412 -0.115639
vt 1.128852 0.172935
vt 1.163693 0.133117
vt 1.132404 -0.338750
vt 1.171927 -0.369109
vt 1.164446 -0.284389
vt 1.175275 -0.445256
vt 1.182837 -0.497384
vt 1.128334 -0.154698
vt 1.167125 -0.198834
vt 0.443889 -0.351135
vt 0.442532 -0.501991
vt 0.286983 -0.497465
vt 0.323623 -0.566921
vt 0.478338 -0.564616
vt 0.401403 -0.565754
vt 0.161537 -0.511088
vt 0.168191 -0.569280
vt 0.245869 -0.568093
vt -0.006431 0.169272
vt 0.004263 -0.167029
vt 0.008654 -0.542856
vt 0.965205 0.470236
vt 0.857473 0.463222
vt 0.978113 0.397978
vt 1.165919 0.529409
vt 1.138065 0.518056
vt 1.158423 0.464259
vt 1.105411 0.513588
vt 1.120593 0.475849
vt 0.329923 0.495877
vt 0.266638 0.504155
vt -0.052680 0.440360
vt -0.087732 0.452534
vt 0.525267 1.339833
vt 0.532830 1.465698
vt 0.528223 0.650674
vt 0.522546 0.510822
vt 0.529360 1.148672
vt 0.555132 -0.563482
vt 1.233973 1.383052
vt 1.205866 1.394968
vt 1.207253 1.385601
vt 1.278605 1.379780
vt 1.243047 1.393096
vt 1.453125 1.357488
vt 1.419781 1.364885
vt 1.028993 1.442899
vt 1.039545 1.442497
vt 0.815901 1.494528
vt 0.822658 1.489100
vt 0.832600 1.483329
vt 0.850477 1.478288
vt 0.856733 1.484069
vt 1.178410 0.742058
vt 1.180192 0.739172
vt 1.235337 0.758071
vt 1.182443 0.736112
vt 1.234070 0.755762
vt 1.286054 0.755504
vt 1.292742 0.756383
vt 1.167483 0.682834
vt 1.172149 0.633028
vt 1.170854 0.679557
vt 1.486831 0.756321
vt 1.486912 0.759731
vt 1.181973 1.391170
vt 1.167473 1.405855
vt 0.042034 1.417755
vt 0.028308 1.439950
vt -0.002037 1.416637
vt 0.196663 1.496216
vt 0.218684 1.505604
vt 0.211978 1.502933
vt 0.213293 1.503023
vt 0.168464 1.485423
vt -0.244036 1.371205
vt -0.294204 1.362412
vt -0.259309 1.373459
vt -0.513149 1.320967
vt -0.503249 1.323847
vt -0.163587 0.718138
vt -0.215293 0.736907
vt -0.168436 0.721697
vt -0.273282 0.734330
vt -0.158523 0.672529
vt -0.464146 0.730135
vt -0.463855 0.727502
vt -0.107501 1.405401
vt -0.139881 1.397539
vt -0.119510 1.406820
vt 1.179550 0.350502
vt 1.181158 0.299695
vt 1.183223 0.327062
vt 1.184971 0.016089
vt 1.186075 -0.034402
vt 1.188168 -0.007740
vt 1.182536 0.183614
vt 1.183698 0.132686
vt 1.185725 0.159959
vt 1.189389 -0.314405
vt 1.191000 -0.363587
vt 1.193310 -0.334221
vt 1.191111 -0.467584
vt 1.187018 -0.151013
vt 1.187971 -0.201759
vt 1.190661 -0.180992
vt -0.164226 0.305026
vt -0.159316 -0.030288
vt -0.161830 0.138395
vt -0.154543 -0.362021
vt -0.156918 -0.196154
vt 1.178365 0.504789
vt 1.178859 0.462109
vt 1.180490 0.485231
usemtl None
s 1
f 1/1 2/2 3/3
f 4/4 1/1 3/3
f 2/2 5/5 6/6
f 5/5 7/7 8/8
f 5/5 8/8 6/6
f 9/9 4/4 6/6
f 8/8 9/9 6/6
f 2/2 6/6 3/3
f 6/6 4/4 3/3
f 10/10 11/11 12/12
f 11/11 8/8 13/13
f 13/13 14/14 12/12
f 11/11 13/13 12/12
f 14/14 15/15 12/12
f 15/15 16/16 17/17
f 15/15 17/17 12/12
f 18/18 19/19 20/20
f 19/19 21/21 22/22
f 22/22 23/23 20/20
f 19/19 22/22 20/20
f 21/21 24/24 25/25
f 26/26 27/27 25/25
f 24/24 26/26 25/25
f 27/27 28/28 29/29
f 29/29 23/23 30/30
f 27/27 29/29 30/30
f 21/21 25/25 22/22
f 25/25 27/27 30/30
f 30/30 23/23 22/22
f 25/25 30/30 22/22
f 18/18 31/31 32/32
f 31/31 33/33 34/34
f 34/34 35/35 32/32
f 31/31 34/34 32/32
f 33/33 36/36 37/37
f 36/36 38/38 39/39
f 39/39 40/40 37/37
f 36/36 39/39 37/37
f 40/40 41/41 42/42
f 41/41 43/43 44/44
f 44/44 35/35 42/42
f 41/41 44/44 42/42
f 33/33 37/37 34/34
f 37/37 40/40 42/42
f 42/42 35/35 34/34
f 37/37 42/42 34/34
f 45/45 46/46 47/47
f 46/46 48/48 47/47
f 33/33 31/31 46/46
f 31/31 18/18 49/49
f 49/49 48/48 46/46
f 31/31 49/49 46/46
f 36/36 33/33 46/46
f 50/50 51/51 52/52
f 53/53 54/54 51/51
f 54/54 55/55 52/52
f 51/51 54/54 52/52
f 55/55 54/54 56/56
f 54/54 57/57 56/56
f 53/53 58/58 59/59
f 58/58 60/60 61/61
f 61/61 57/57 59/59
f 58/58 61/61 59/59
f 59/59 57/57 54/54
f 53/53 59/59 54/54
f 62/62 63/63 64/64
f 65/65 66/66 63/63
f 67/67 65/65 63/63
f 67/67 63/63 62/62
f 68/68 69/69 70/70
f 69/69 71/71 72/72
f 72/72 73/73 70/70
f 69/69 72/72 70/70
f 71/71 74/74 75/75
f 74/74 55/55 76/76
f 76/76 77/77 75/75
f 74/74 76/76 75/75
f 77/77 78/78 79/79
f 78/78 80/80 81/81
f 81/81 73/73 79/79
f 78/78 81/81 79/79
f 71/71 75/75 72/72
f 75/75 77/77 79/79
f 79/79 73/73 72/72
f 75/75 79/79 72/72
f 82/82 83/83 84/84
f 85/85 86/86 87/87
f 88/88 89/89 86/86
f 90/90 88/88 86/86
f 91/91 92/92 93/93
f 94/94 95/95 92/92
f 96/96 97/97 98/98
f 99/99 100/100 98/98
f 101/101 99/99 98/98
f 101/101 98/98 97/97
f 102/102 91/91 103/103
f 90/90 104/104 88/88
f 104/104 105/105 88/88
f 96/96 106/106 107/107
f 105/105 96/96 107/107
f 108/108 109/109 110/110
f 111/111 108/108 110/110
f 108/108 89/89 112/112
f 112/112 82/82 109/109
f 112/112 109/109 108/108
f 113/113 100/100 114/114
f 100/100 115/115 114/114
f 116/116 106/106 117/117
f 7/7 118/118 119/119
f 120/120 50/50 121/121
f 121/121 65/65 122/122
f 65/65 67/67 122/122
f 118/118 120/120 119/119
f 120/120 121/121 122/122
f 120/120 122/122 119/119
f 16/16 15/15 123/123
f 15/15 14/14 124/124
f 15/15 124/124 123/123
f 14/14 13/13 125/125
f 13/13 8/8 119/119
f 13/13 119/119 125/125
f 125/125 67/67 124/124
f 14/14 125/125 124/124
f 126/126 84/84 127/127
f 128/128 85/85 129/129
f 129/129 111/111 130/130
f 128/128 129/129 130/130
f 128/128 130/130 131/131
f 126/126 111/111 110/110
f 132/132 133/133 134/134
f 133/133 135/135 136/136
f 133/133 136/136 134/134
f 135/135 29/29 137/137
f 28/28 138/138 137/137
f 29/29 28/28 137/137
f 138/138 7/7 5/5
f 5/5 134/134 137/137
f 138/138 5/5 137/137
f 135/135 137/137 136/136
f 137/137 134/134 136/136
f 139/139 83/83 140/140
f 139/139 140/140 141/141
f 60/60 142/142 143/143
f 142/142 144/144 145/145
f 145/145 146/146 143/143
f 142/142 145/145 143/143
f 144/144 103/103 147/147
f 95/95 148/148 149/149
f 149/149 146/146 150/150
f 95/95 149/149 150/150
f 144/144 147/147 145/145
f 150/150 146/146 145/145
f 147/147 150/150 145/145
f 53/53 141/141 151/151
f 141/141 140/140 151/151
f 103/103 151/151 140/140
f 152/152 127/127 153/153
f 153/153 50/50 152/152
f 154/154 155/155 156/156
f 155/155 157/157 158/158
f 155/155 158/158 156/156
f 157/157 159/159 160/160
f 159/159 161/161 160/160
f 162/162 158/158 163/163
f 157/157 160/160 158/158
f 160/160 163/163 158/158
f 164/164 165/165 166/166
f 165/165 167/167 168/168
f 165/165 168/168 166/166
f 167/167 169/169 170/170
f 169/169 171/171 172/172
f 172/172 173/173 170/170
f 169/169 172/172 170/170
f 173/173 174/174 175/175
f 174/174 168/168 175/175
f 167/167 170/170 168/168
f 170/170 173/173 175/175
f 170/170 175/175 168/168
f 164/164 176/176 177/177
f 176/176 178/178 179/179
f 179/179 180/180 177/177
f 176/176 179/179 177/177
f 178/178 181/181 182/182
f 183/183 161/161 182/182
f 181/181 183/183 182/182
f 161/161 180/180 182/182
f 178/178 182/182 179/179
f 182/182 180/180 179/179
f 184/184 185/185 186/186
f 185/185 187/187 188/188
f 188/188 189/189 186/186
f 185/185 188/188 186/186
f 187/187 190/190 191/191
f 190/190 164/164 191/191
f 154/154 189/189 192/192
f 193/193 154/154 192/192
f 187/187 191/191 188/188
f 192/192 189/189 188/188
f 191/191 192/192 188/188
f 194/194 195/195 196/196
f 195/195 197/197 198/198
f 198/198 199/199 196/196
f 195/195 198/198 196/196
f 197/197 200/200 201/201
f 200/200 202/202 203/203
f 203/203 204/204 201/201
f 200/200 203/203 201/201
f 204/204 205/205 206/206
f 205/205 207/207 208/208
f 208/208 199/199 206/206
f 205/205 208/208 206/206
f 197/197 201/201 198/198
f 201/201 204/204 206/206
f 206/206 199/199 198/198
f 201/201 206/206 198/198
f 202/202 209/209 210/210
f 209/209 211/211 212/212
f 212/212 213/213 210/210
f 209/209 212/212 210/210
f 214/214 215/215 216/216
f 216/216 213/213 217/217
f 214/214 216/216 217/217
f 217/217 213/213 212/212
f 218/218 219/219 220/220
f 219/219 221/221 220/220
f 222/222 223/223 224/224
f 225/225 222/222 224/224
f 226/226 227/227 223/223
f 222/222 226/226 223/223
f 228/228 229/229 230/230
f 231/231 230/230 232/232
f 229/229 233/233 230/230
f 233/233 234/234 232/232
f 233/233 232/232 230/230
f 235/235 236/236 237/237
f 238/238 239/239 237/237
f 236/236 238/238 237/237
f 238/238 240/240 239/239
f 218/218 241/241 219/219
f 241/241 229/229 219/219
f 241/241 242/242 229/229
f 242/242 233/233 229/229
f 222/222 243/243 226/226
f 243/243 244/244 226/226
f 244/244 235/235 245/245
f 246/246 247/247 248/248
f 249/249 246/246 248/248
f 250/250 241/241 247/247
f 241/241 218/218 247/247
f 227/227 250/250 247/247
f 227/227 247/247 246/246
f 251/251 252/252 234/234
f 253/253 245/245 254/254
f 254/254 233/233 242/242
f 242/242 253/253 254/254
f 255/255 256/256 257/257
f 258/258 255/255 257/257
f 255/255 259/259 260/260
f 260/260 261/261 256/256
f 260/260 256/256 255/255
f 259/259 262/262 263/263
f 262/262 264/264 265/265
f 262/262 265/265 263/263
f 264/264 266/266 267/267
f 266/266 268/268 269/269
f 269/269 270/270 267/267
f 266/266 269/269 267/267
f 270/270 271/271 272/272
f 271/271 273/273 274/274
f 274/274 263/263 272/272
f 271/271 274/274 272/272
f 264/264 267/267 265/265
f 267/267 270/270 272/272
f 272/272 263/263 265/265
f 267/267 272/272 265/265
f 275/275 276/276 277/277
f 276/276 278/278 279/279
f 276/276 279/279 277/277
f 279/279 280/280 277/277
f 280/280 259/259 277/277
f 278/278 281/281 282/282
f 283/283 284/284 282/282
f 281/281 283/283 282/282
f 285/285 286/286 287/287
f 286/286 268/268 288/288
f 288/288 284/284 289/289
f 286/286 288/288 289/289
f 287/287 286/286 289/289
f 289/289 284/284 283/283
f 287/287 289/289 283/283
f 163/163 160/160 290/290
f 160/160 161/161 290/290
f 163/163 290/290 291/291
f 290/290 292/292 291/291
f 293/293 294/294 295/295
f 293/293 225/225 296/296
f 296/296 249/249 294/294
f 296/296 294/294 293/293
f 297/297 298/298 248/248
f 298/298 249/249 248/248
f 207/207 299/299 300/300
f 299/299 258/258 257/257
f 257/257 301/301 302/302
f 299/299 257/257 302/302
f 299/299 302/302 300/300
f 303/303 275/275 277/277
f 303/303 277/277 258/258
f 171/171 304/304 305/305
f 305/305 306/306 172/172
f 171/171 305/305 172/172
f 304/304 194/194 196/196
f 196/196 307/307 305/305
f 304/304 196/196 305/305
f 307/307 308/308 309/309
f 308/308 306/306 309/309
f 305/305 307/307 309/309
f 309/309 306/306 305/305
f 310/310 261/261 243/243
f 273/273 311/311 312/312
f 311/311 313/313 314/314
f 314/314 315/315 312/312
f 311/311 314/314 312/312
f 313/313 316/316 317/317
f 316/316 318/318 319/319
f 319/319 320/320 317/317
f 316/316 319/319 317/317
f 320/320 321/321 322/322
f 321/321 240/240 323/323
f 323/323 315/315 322/322
f 321/321 323/323 322/322
f 313/313 317/317 314/314
f 317/317 320/320 322/322
f 322/322 315/315 314/314
f 317/317 322/322 314/314
f 324/324 325/325 326/326
f 325/325 327/327 328/328
f 327/327 273/273 329/329
f 327/327 329/329 328/328
f 328/328 235/235 330/330
f 330/330 326/326 328/328
f 325/325 328/328 326/326
f 331/331 332/332 333/333
f 334/334 331/331 333/333
f 334/334 333/333 335/335
f 336/336 337/337 338/338
f 339/339 340/340 338/338
f 337/337 339/339 338/338
f 341/341 342/342 343/343
f 344/344 341/341 343/343
f 344/344 343/343 345/345
f 346/346 347/347 348/348
f 349/349 350/350 348/348
f 347/347 349/349 348/348
f 334/334 351/351 331/331
f 351/351 352/352 331/331
f 352/352 345/345 353/353
f 337/337 354/354 339/339
f 354/354 355/355 339/339
f 346/346 356/356 357/357
f 355/355 346/346 357/357
f 351/351 334/334 358/358
f 340/340 351/351 358/358
f 340/340 358/358 359/359
f 360/360 350/350 361/361
f 350/350 362/362 361/361
f 363/363 356/356 364/364
f 365/365 366/366 367/367
f 368/368 365/365 367/367
f 369/369 370/370 366/366
f 365/365 369/369 366/366
f 371/371 372/372 373/373
f 374/374 371/371 373/373
f 375/375 376/376 372/372
f 377/377 375/375 372/372
f 377/377 372/372 371/371
f 378/378 379/379 380/380
f 379/379 381/381 382/382
f 382/382 383/383 380/380
f 379/379 382/382 380/380
f 383/383 378/378 380/380
f 384/384 385/385 386/386
f 376/376 384/384 386/386
f 376/376 386/386 387/387
f 344/344 388/388 341/341
f 388/388 389/389 341/341
f 389/389 368/368 367/367
f 389/389 367/367 390/390
f 347/347 391/391 349/349
f 391/391 392/392 349/349
f 392/392 374/374 373/373
f 392/392 373/373 393/393
f 394/394 395/395 396/396
f 394/394 396/396 397/397
f 395/395 398/398 399/399
f 400/400 401/401 396/396
f 395/395 399/399 396/396
f 399/399 400/400 396/396
f 402/402 403/403 404/404
f 402/402 404/404 405/405
f 403/403 406/406 407/407
f 406/406 408/408 407/407
f 408/408 409/409 404/404
f 403/403 407/407 404/404
f 407/407 408/408 404/404
f 398/398 410/410 399/399
f 410/410 411/411 399/399
f 410/410 402/402 411/411
f 402/402 405/405 411/411
f 405/405 412/412 413/413
f 412/412 411/411 413/413
f 411/411 405/405 413/413
f 414/414 415/415 416/416
f 416/416 417/417 418/418
f 414/414 416/416 418/418
f 415/415 419/419 416/416
f 420/420 421/421 416/416
f 419/419 420/420 416/416
f 421/421 422/422 417/417
f 416/416 421/421 417/417
f 419/419 423/423 420/420
f 423/423 381/381 424/424
f 425/425 426/426 427/427
f 427/427 421/421 428/428
f 425/425 427/427 428/428
f 423/423 424/424 420/420
f 428/428 421/421 420/420
f 424/424 428/428 420/420
f 406/406 429/429 408/408
f 429/429 430/430 408/408
f 429/429 431/431 430/430
f 431/431 414/414 418/418
f 431/431 418/418 430/430
f 418/418 432/432 430/430
f 433/433 434/434 435/435
f 436/436 437/437 438/438
f 437/437 439/439 440/440
f 441/441 438/438 440/440
f 437/437 440/440 438/438
f 442/442 443/443 444/444
f 445/445 446/446 444/444
f 443/443 445/445 444/444
f 447/447 448/448 449/449
f 448/448 450/450 451/451
f 452/452 449/449 451/451
f 448/448 451/451 449/449
f 453/453 454/454 433/433
f 442/442 455/455 456/456
f 454/454 442/442 456/456
f 439/439 457/457 458/458
f 457/457 459/459 460/460
f 459/459 447/447 460/460
f 461/461 458/458 460/460
f 457/457 460/460 458/458
f 462/462 441/441 463/463
f 464/464 435/435 463/463
f 441/441 464/464 463/463
f 465/465 452/452 466/466
f 452/452 467/467 466/466
f 441/441 468/468 464/464
f 468/468 469/469 464/464
f 468/468 461/461 469/469
f 470/470 471/471 472/472
f 473/473 470/470 472/472
f 474/474 475/475 471/471
f 476/476 474/474 471/471
f 476/476 471/471 470/470
f 477/477 478/478 479/479
f 478/478 480/480 481/481
f 482/482 479/479 481/481
f 478/478 481/481 479/479
f 480/480 483/483 484/484
f 483/483 485/485 484/484
f 485/485 486/486 484/484
f 479/479 487/487 488/488
f 489/489 479/479 488/488
f 479/479 482/482 490/490
f 490/490 476/476 487/487
f 490/490 487/487 479/479
f 443/443 491/491 445/445
f 491/491 492/492 445/445
f 492/492 473/473 472/472
f 492/492 472/472 493/493
f 450/450 494/494 495/495
f 494/494 496/496 497/497
f 496/496 477/477 497/497
f 489/489 495/495 497/497
f 494/494 497/497 495/495
f 498/498 489/489 488/488
f 498/498 488/488 473/473
f 499/499 500/500 501/501
f 502/502 503/503 501/501
f 500/500 502/502 501/501
f 500/500 504/504 502/502
f 505/505 503/503 502/502
f 504/504 505/505 502/502
f 506/506 507/507 508/508
f 509/509 510/510 508/508
f 507/507 509/509 508/508
f 507/507 511/511 509/509
f 512/512 510/510 509/509
f 511/511 512/512 509/509
f 504/504 513/513 505/505
f 514/514 515/515 505/505
f 513/513 514/514 505/505
f 513/513 506/506 514/514
f 508/508 516/516 514/514
f 506/506 508/508 514/514
f 514/514 516/516 515/515
f 517/517 518/518 519/519
f 520/520 521/521 519/519
f 518/518 520/520 519/519
f 518/518 522/522 520/520
f 523/523 524/524 520/520
f 522/522 523/523 520/520
f 520/520 524/524 521/521
f 522/522 525/525 523/523
f 526/526 527/527 523/523
f 525/525 526/526 523/523
f 525/525 528/528 526/526
f 529/529 530/530 526/526
f 528/528 529/529 526/526
f 526/526 530/530 527/527
f 511/511 531/531 512/512
f 532/532 533/533 512/512
f 531/531 532/532 512/512
f 531/531 517/517 532/532
f 519/519 534/534 532/532
f 517/517 519/519 532/532
f 532/532 534/534 533/533
f 535/535 335/335 536/536
f 101/101 537/537 99/99
f 537/537 538/538 99/99
f 336/336 359/359 539/539
f 538/538 336/336 539/539
f 540/540 359/359 541/541
f 148/148 542/542 543/543
f 542/542 544/544 545/545
f 542/542 545/545 543/543
f 544/544 546/546 547/547
f 546/546 394/394 397/397
f 546/546 397/397 547/547
f 397/397 548/548 549/549
f 548/548 550/550 551/551
f 551/551 545/545 549/549
f 548/548 551/551 549/549
f 544/544 547/547 545/545
f 547/547 397/397 549/549
f 547/547 549/549 545/545
f 552/552 553/553 554/554
f 555/555 552/552 554/554
f 240/240 556/556 557/557
f 556/556 558/558 559/559
f 558/558 436/436 559/559
f 462/462 557/557 559/559
f 556/556 559/559 557/557
f 234/234 560/560 251/251
f 560/560 561/561 251/251
f 561/561 462/462 562/562
f 318/318 563/563 564/564
f 564/564 565/565 566/566
f 318/318 564/564 566/566
f 563/563 499/499 564/564
f 501/501 567/567 564/564
f 499/499 501/501 564/564
f 564/564 567/567 565/565
f 568/568 156/156 162/162
f 569/569 570/570 571/571
f 570/570 221/221 572/572
f 572/572 571/571 570/570
f 573/573 228/228 574/574
f 228/228 575/575 574/574
f 163/163 291/291 576/576
f 577/577 578/578 576/576
f 291/291 577/577 576/576
f 569/569 85/85 579/579
f 579/579 578/578 577/577
f 580/580 434/434 581/581
f 434/434 582/582 581/581
f 583/583 446/446 584/584
f 446/446 391/391 584/584
f 354/354 455/455 585/585
f 586/586 475/475 587/587
f 391/391 493/493 374/374
f 588/588 589/589 590/590
f 589/589 591/591 592/592
f 592/592 593/593 590/590
f 589/589 592/592 590/590
f 594/594 595/595 596/596
f 597/597 18/18 598/598
f 598/598 599/599 600/600
f 597/597 598/598 600/600
f 601/601 45/45 602/602
f 602/602 603/603 604/604
f 601/601 602/602 604/604
f 18/18 597/597 605/605
f 606/606 607/607 608/608
f 607/607 609/609 610/610
f 610/610 611/611 608/608
f 607/607 610/610 608/608
f 80/80 612/612 613/613
f 614/614 615/615 616/616
f 615/615 132/132 617/617
f 615/615 617/617 616/616
f 618/618 619/619 620/620
f 619/619 171/171 621/621
f 621/621 622/622 620/620
f 619/619 621/621 620/620
f 623/623 624/624 625/625
f 624/624 626/626 627/627
f 626/626 164/164 190/190
f 190/190 187/187 627/627
f 626/626 190/190 627/627
f 187/187 185/185 628/628
f 185/185 184/184 629/629
f 629/629 630/630 628/628
f 185/185 629/629 628/628
f 624/624 627/627 625/625
f 627/627 187/187 628/628
f 628/628 630/630 625/625
f 627/627 628/628 625/625
f 631/631 202/202 632/632
f 632/632 633/633 634/634
f 631/631 632/632 634/634
f 202/202 631/631 635/635
f 636/636 637/637 635/635
f 631/631 636/636 635/635
f 268/268 638/638 639/639
f 640/640 641/641 639/639
f 638/638 640/640 639/639
f 642/642 643/643 644/644
f 643/643 318/318 316/316
f 316/316 313/313 644/644
f 643/643 316/316 644/644
f 313/313 311/311 645/645
f 311/311 273/273 646/646
f 646/646 647/647 645/645
f 311/311 646/646 645/645
f 642/642 644/644 648/648
f 644/644 313/313 645/645
f 645/645 647/647 648/648
f 644/644 645/645 648/648
f 638/638 268/268 649/649
f 649/649 650/650 651/651
f 638/638 649/649 651/651
f 652/652 194/194 653/653
f 653/653 654/654 655/655
f 652/652 653/653 655/655
f 656/656 657/657 658/658
f 659/659 660/660 661/661
f 662/662 663/663 664/664
f 665/665 666/666 667/667
f 426/426 668/668 669/669
f 670/670 665/665 669/669
f 668/668 670/670 669/669
f 671/671 672/672 673/673
f 674/674 675/675 676/676
f 504/504 500/500 676/676
f 675/675 504/504 676/676
f 500/500 499/499 677/677
f 677/677 678/678 679/679
f 500/500 677/677 679/679
f 674/674 676/676 680/680
f 676/676 500/500 679/679
f 679/679 678/678 680/680
f 676/676 679/679 680/680
f 681/681 682/682 683/683
f 511/511 507/507 683/683
f 682/682 511/511 683/683
f 507/507 506/506 684/684
f 684/684 685/685 686/686
f 507/507 684/684 686/686
f 681/681 683/683 687/687
f 683/683 507/507 686/686
f 686/686 685/685 687/687
f 683/683 686/686 687/687
f 688/688 684/684 689/689
f 506/506 513/513 689/689
f 684/684 506/506 689/689
f 513/513 504/504 675/675
f 675/675 690/690 691/691
f 513/513 675/675 691/691
f 688/688 689/689 692/692
f 689/689 513/513 691/691
f 691/691 690/690 692/692
f 689/689 691/691 692/692
f 693/693 694/694 695/695
f 522/522 518/518 695/695
f 694/694 522/522 695/695
f 518/518 517/517 696/696
f 696/696 697/697 698/698
f 518/518 696/696 698/698
f 695/695 518/518 698/698
f 698/698 697/697 693/693
f 695/695 698/698 693/693
f 528/528 525/525 699/699
f 525/525 522/522 694/694
f 694/694 700/700 701/701
f 525/525 694/694 701/701
f 702/702 699/699 703/703
f 699/699 525/525 701/701
f 701/701 700/700 703/703
f 699/699 701/701 703/703
f 704/704 696/696 705/705
f 517/517 531/531 705/705
f 696/696 517/517 705/705
f 531/531 511/511 682/682
f 682/682 706/706 707/707
f 531/531 682/682 707/707
f 704/704 705/705 708/708
f 705/705 531/531 707/707
f 707/707 706/706 708/708
f 705/705 707/707 708/708
f 709/709 710/710 711/711
f 712/712 677/677 713/713
f 499/499 563/563 713/713
f 677/677 499/499 713/713
f 563/563 318/318 714/714
f 715/715 716/716 714/714
f 318/318 715/715 714/714
f 712/712 713/713 717/717
f 713/713 563/563 714/714
f 714/714 716/716 717/717
f 713/713 714/714 717/717
f 718/718 553/553 719/719
f 588/588 720/720 10/10
f 720/720 721/721 722/722
f 722/722 11/11 10/10
f 720/720 722/722 10/10
f 721/721 723/723 724/724
f 1/1 4/4 724/724
f 723/723 1/1 724/724
f 9/9 8/8 11/11
f 721/721 724/724 722/722
f 724/724 4/4 9/9
f 9/9 11/11 722/722
f 724/724 9/9 722/722
f 725/725 726/726 727/727
f 726/726 728/728 729/729
f 729/729 730/730 727/727
f 726/726 729/729 727/727
f 728/728 588/588 731/731
f 10/10 12/12 731/731
f 588/588 10/10 731/731
f 12/12 17/17 732/732
f 17/17 16/16 733/733
f 733/733 730/730 732/732
f 17/17 733/733 732/732
f 728/728 731/731 729/729
f 731/731 12/12 732/732
f 732/732 730/730 729/729
f 731/731 732/732 729/729
f 132/132 734/734 133/133
f 735/735 135/135 133/133
f 734/734 735/735 133/133
f 734/734 736/736 735/735
f 736/736 18/18 20/20
f 20/20 23/23 735/735
f 736/736 20/20 735/735
f 23/23 29/29 737/737
f 29/29 135/135 737/737
f 735/735 23/23 737/737
f 737/737 135/135 735/735
f 43/43 41/41 738/738
f 41/41 40/40 739/739
f 41/41 739/739 738/738
f 40/40 39/39 740/740
f 39/39 38/38 740/740
f 741/741 131/131 130/130
f 130/130 738/738 741/741
f 40/40 740/740 739/739
f 741/741 738/738 739/739
f 740/740 741/741 739/739
f 26/26 24/24 742/742
f 21/21 19/19 743/743
f 19/19 18/18 32/32
f 32/32 35/35 743/743
f 19/19 32/32 743/743
f 35/35 44/44 744/744
f 44/44 43/43 742/742
f 44/44 742/742 744/744
f 21/21 743/743 24/24
f 743/743 35/35 744/744
f 744/744 742/742 24/24
f 743/743 744/744 24/24
f 745/745 746/746 747/747
f 747/747 748/748 745/745
f 746/746 45/45 47/47
f 47/47 48/48 747/747
f 746/746 47/47 747/747
f 48/48 49/49 747/747
f 49/49 18/18 749/749
f 749/749 748/748 747/747
f 49/49 749/749 747/747
f 121/121 50/50 52/52
f 52/52 55/55 66/66
f 52/52 66/66 65/65
f 121/121 52/52 65/65
f 80/80 78/78 750/750
f 78/78 77/77 751/751
f 751/751 752/752 750/750
f 78/78 751/751 750/750
f 77/77 76/76 753/753
f 76/76 55/55 56/56
f 56/56 57/57 753/753
f 76/76 56/56 753/753
f 57/57 61/61 754/754
f 61/61 60/60 755/755
f 755/755 752/752 754/754
f 61/61 755/755 754/754
f 77/77 753/753 751/751
f 753/753 57/57 754/754
f 754/754 752/752 751/751
f 753/753 754/754 751/751
f 68/68 64/64 69/69
f 64/64 71/71 69/69
f 66/66 55/55 74/74
f 74/74 71/71 66/66
f 64/64 63/63 66/66
f 66/66 71/71 64/64
f 756/756 68/68 70/70
f 70/70 73/73 757/757
f 756/756 70/70 757/757
f 73/73 81/81 758/758
f 81/81 80/80 759/759
f 759/759 760/760 758/758
f 81/81 759/759 758/758
f 757/757 73/73 758/758
f 127/127 84/84 139/139
f 84/84 83/83 139/139
f 111/111 129/129 87/87
f 87/87 108/108 111/111
f 129/129 85/85 87/87
f 87/87 86/86 89/89
f 89/89 108/108 87/87
f 103/103 91/91 93/93
f 93/93 150/150 147/147
f 103/103 93/93 147/147
f 95/95 150/150 92/92
f 92/92 150/150 93/93
f 100/100 113/113 98/98
f 96/96 98/98 106/106
f 98/98 113/113 106/106
f 83/83 82/82 140/140
f 761/761 102/102 82/82
f 102/102 103/103 140/140
f 82/82 102/102 140/140
f 89/89 88/88 762/762
f 105/105 107/107 762/762
f 107/107 106/106 116/116
f 107/107 116/116 762/762
f 88/88 105/105 762/762
f 126/126 110/110 109/109
f 126/126 109/109 84/84
f 82/82 84/84 109/109
f 117/117 106/106 113/113
f 113/113 114/114 91/91
f 117/117 113/113 91/91
f 114/114 94/94 92/92
f 91/91 114/114 92/92
f 82/82 112/112 761/761
f 112/112 89/89 762/762
f 112/112 762/762 116/116
f 116/116 117/117 761/761
f 117/117 91/91 102/102
f 117/117 102/102 761/761
f 112/112 116/116 761/761
f 8/8 7/7 119/119
f 122/122 67/67 125/125
f 122/122 125/125 119/119
f 67/67 62/62 124/124
f 123/123 124/124 62/62
f 28/28 27/27 763/763
f 27/27 26/26 763/763
f 764/764 126/126 763/763
f 26/26 764/764 763/763
f 126/126 127/127 763/763
f 127/127 152/152 763/763
f 43/43 738/738 765/765
f 126/126 765/765 111/111
f 738/738 130/130 111/111
f 738/738 111/111 765/765
f 26/26 742/742 764/764
f 742/742 43/43 765/765
f 742/742 765/765 764/764
f 765/765 126/126 764/764
f 723/723 766/766 767/767
f 2/2 1/1 767/767
f 767/767 1/1 723/723
f 766/766 768/768 767/767
f 768/768 132/132 134/134
f 768/768 134/134 767/767
f 134/134 5/5 769/769
f 5/5 2/2 769/769
f 767/767 134/134 769/769
f 769/769 2/2 767/767
f 153/153 127/127 139/139
f 141/141 53/53 51/51
f 153/153 139/139 141/141
f 141/141 51/51 50/50
f 153/153 141/141 50/50
f 606/606 770/770 771/771
f 770/770 772/772 773/773
f 773/773 774/774 771/771
f 770/770 773/773 771/771
f 772/772 775/775 776/776
f 775/775 60/60 143/143
f 143/143 146/146 776/776
f 775/775 143/143 776/776
f 146/146 149/149 777/777
f 149/149 148/148 778/778
f 778/778 774/774 777/777
f 149/149 778/778 777/777
f 772/772 776/776 773/773
f 776/776 146/146 777/777
f 777/777 774/774 773/773
f 776/776 777/777 773/773
f 60/60 58/58 142/142
f 58/58 53/53 779/779
f 779/779 144/144 142/142
f 58/58 779/779 142/142
f 780/780 53/53 151/151
f 151/151 103/103 144/144
f 53/53 780/780 779/779
f 151/151 144/144 779/779
f 780/780 151/151 779/779
f 7/7 138/138 118/118
f 138/138 28/28 781/781
f 763/763 152/152 781/781
f 28/28 763/763 781/781
f 152/152 50/50 120/120
f 152/152 120/120 118/118
f 138/138 781/781 118/118
f 781/781 152/152 118/118
f 158/158 162/162 156/156
f 183/183 181/181 782/782
f 181/181 178/178 783/783
f 181/181 783/783 782/782
f 178/178 176/176 166/166
f 176/176 164/164 166/166
f 168/168 174/174 783/783
f 784/784 782/782 783/783
f 174/174 784/784 783/783
f 178/178 166/166 783/783
f 166/166 168/168 783/783
f 154/154 193/193 155/155
f 193/193 192/192 785/785
f 785/785 157/157 155/155
f 193/193 785/785 155/155
f 192/192 191/191 786/786
f 191/191 164/164 177/177
f 177/177 180/180 786/786
f 191/191 177/177 786/786
f 180/180 161/161 159/159
f 159/159 157/157 787/787
f 180/180 159/159 787/787
f 192/192 786/786 785/785
f 786/786 180/180 787/787
f 787/787 157/157 785/785
f 786/786 787/787 785/785
f 788/788 789/789 790/790
f 789/789 184/184 186/186
f 186/186 189/189 790/790
f 789/789 186/186 790/790
f 790/790 189/189 154/154
f 308/308 307/307 791/791
f 791/791 792/792 793/793
f 308/308 791/791 793/793
f 307/307 196/196 794/794
f 196/196 199/199 794/794
f 199/199 208/208 795/795
f 208/208 207/207 792/792
f 208/208 792/792 795/795
f 307/307 794/794 791/791
f 794/794 199/199 795/795
f 795/795 792/792 791/791
f 794/794 795/795 791/791
f 207/207 205/205 796/796
f 205/205 204/204 797/797
f 797/797 798/798 796/796
f 205/205 797/797 796/796
f 204/204 203/203 799/799
f 203/203 202/202 210/210
f 210/210 213/213 799/799
f 203/203 210/210 799/799
f 216/216 215/215 800/800
f 800/800 798/798 213/213
f 216/216 800/800 213/213
f 204/204 799/799 797/797
f 213/213 798/798 797/797
f 799/799 213/213 797/797
f 801/801 570/570 569/569
f 801/801 297/297 220/220
f 220/220 221/221 801/801
f 221/221 570/570 801/801
f 249/249 296/296 224/224
f 224/224 246/246 249/249
f 296/296 225/225 224/224
f 227/227 246/246 223/223
f 223/223 246/246 224/224
f 802/802 575/575 803/803
f 575/575 228/228 230/230
f 231/231 803/803 230/230
f 575/575 230/230 803/803
f 245/245 235/235 237/237
f 239/239 234/234 804/804
f 245/245 237/237 804/804
f 237/237 239/239 804/804
f 221/221 219/219 573/573
f 229/229 228/228 573/573
f 219/219 229/229 573/573
f 227/227 226/226 805/805
f 244/244 245/245 805/805
f 245/245 253/253 805/805
f 226/226 244/244 805/805
f 297/297 248/248 220/220
f 218/218 220/220 247/247
f 247/247 220/220 248/248
f 233/233 254/254 234/234
f 254/254 245/245 804/804
f 254/254 804/804 234/234
f 252/252 231/231 232/232
f 232/232 234/234 252/252
f 250/250 227/227 805/805
f 805/805 253/253 250/250
f 250/250 253/253 242/242
f 250/250 242/242 241/241
f 310/310 301/301 261/261
f 257/257 256/256 301/301
f 256/256 261/261 301/301
f 261/261 260/260 806/806
f 806/806 325/325 324/324
f 261/261 806/806 324/324
f 260/260 259/259 263/263
f 260/260 263/263 807/807
f 274/274 273/273 327/327
f 327/327 325/325 274/274
f 260/260 807/807 806/806
f 807/807 263/263 274/274
f 274/274 325/325 806/806
f 807/807 274/274 806/806
f 277/277 255/255 258/258
f 277/277 259/259 255/255
f 259/259 280/280 262/262
f 280/280 279/279 808/808
f 808/808 264/264 262/262
f 280/280 808/808 262/262
f 279/279 278/278 282/282
f 282/282 284/284 808/808
f 279/279 282/282 808/808
f 284/284 288/288 809/809
f 288/288 268/268 266/266
f 266/266 264/264 809/809
f 288/288 266/266 809/809
f 808/808 284/284 809/809
f 809/809 264/264 808/808
f 569/569 579/579 801/801
f 579/579 577/577 810/810
f 579/579 810/810 801/801
f 577/577 291/291 292/292
f 297/297 801/801 811/811
f 577/577 292/292 810/810
f 811/811 801/801 810/810
f 292/292 811/811 810/810
f 183/183 782/782 812/812
f 782/782 784/784 294/294
f 784/784 295/295 294/294
f 298/298 812/812 249/249
f 782/782 294/294 812/812
f 294/294 249/249 812/812
f 813/813 292/292 290/290
f 161/161 813/813 290/290
f 161/161 183/183 813/813
f 812/812 298/298 813/813
f 183/183 812/812 813/813
f 298/298 297/297 814/814
f 811/811 292/292 814/814
f 297/297 811/811 814/814
f 813/813 298/298 814/814
f 814/814 292/292 813/813
f 793/793 792/792 815/815
f 792/792 207/207 300/300
f 302/302 301/301 293/293
f 293/293 815/815 302/302
f 792/792 300/300 815/815
f 300/300 302/302 815/815
f 207/207 796/796 299/299
f 796/796 798/798 816/816
f 796/796 816/816 299/299
f 798/798 800/800 817/817
f 800/800 215/215 818/818
f 818/818 303/303 817/817
f 800/800 818/818 817/817
f 303/303 258/258 816/816
f 258/258 299/299 816/816
f 798/798 817/817 816/816
f 817/817 303/303 816/816
f 784/784 174/174 819/819
f 174/174 173/173 820/820
f 174/174 820/820 819/819
f 173/173 172/172 821/821
f 172/172 306/306 821/821
f 306/306 308/308 820/820
f 308/308 793/793 819/819
f 308/308 819/819 820/820
f 173/173 821/821 820/820
f 821/821 306/306 820/820
f 301/301 310/310 225/225
f 293/293 301/301 225/225
f 310/310 243/243 222/222
f 225/225 310/310 222/222
f 235/235 328/328 236/236
f 328/328 329/329 822/822
f 329/329 273/273 312/312
f 312/312 315/315 822/822
f 329/329 312/312 822/822
f 315/315 323/323 238/238
f 323/323 240/240 238/238
f 328/328 822/822 236/236
f 822/822 315/315 238/238
f 822/822 238/238 236/236
f 243/243 261/261 324/324
f 324/324 326/326 243/243
f 326/326 330/330 243/243
f 330/330 235/235 244/244
f 330/330 244/244 243/243
f 784/784 819/819 295/295
f 819/819 793/793 815/815
f 815/815 293/293 823/823
f 819/819 815/815 823/823
f 819/819 823/823 295/295
f 823/823 293/293 295/295
f 536/536 335/335 333/333
f 333/333 395/395 394/394
f 536/536 333/333 394/394
f 398/398 395/395 332/332
f 332/332 395/395 333/333
f 340/340 359/359 338/338
f 336/336 338/338 359/359
f 353/353 345/345 343/343
f 343/343 403/403 402/402
f 353/353 343/343 402/402
f 406/406 403/403 342/342
f 342/342 403/403 343/343
f 350/350 360/360 348/348
f 346/346 348/348 356/356
f 348/348 360/360 356/356
f 398/398 332/332 410/410
f 332/332 331/331 410/410
f 352/352 353/353 824/824
f 402/402 410/410 824/824
f 353/353 402/402 824/824
f 331/331 352/352 824/824
f 824/824 410/410 331/331
f 340/340 339/339 351/351
f 355/355 357/357 825/825
f 357/357 356/356 363/363
f 363/363 351/351 825/825
f 357/357 363/363 825/825
f 339/339 355/355 825/825
f 339/339 825/825 351/351
f 541/541 359/359 358/358
f 541/541 358/358 335/335
f 358/358 334/334 335/335
f 364/364 356/356 360/360
f 360/360 361/361 345/345
f 364/364 360/360 345/345
f 361/361 344/344 345/345
f 363/363 364/364 351/351
f 364/364 345/345 352/352
f 364/364 352/352 351/351
f 390/390 367/367 366/366
f 366/366 415/415 414/414
f 390/390 366/366 414/414
f 419/419 415/415 370/370
f 370/370 415/415 366/366
f 393/393 373/373 372/372
f 372/372 387/387 393/393
f 376/376 387/387 372/372
f 419/419 370/370 423/423
f 370/370 369/369 382/382
f 370/370 382/382 423/423
f 369/369 365/365 826/826
f 826/826 383/383 369/369
f 381/381 423/423 382/382
f 369/369 383/383 382/382
f 376/376 375/375 827/827
f 375/375 377/377 828/828
f 828/828 829/829 375/375
f 830/830 827/827 831/831
f 375/375 829/829 831/831
f 375/375 831/831 827/827
f 368/368 387/387 386/386
f 386/386 365/365 368/368
f 385/385 365/365 386/386
f 365/365 385/385 826/826
f 385/385 384/384 826/826
f 384/384 376/376 827/827
f 827/827 830/830 384/384
f 383/383 826/826 832/832
f 384/384 830/830 832/832
f 384/384 832/832 826/826
f 406/406 342/342 429/429
f 342/342 341/341 429/429
f 389/389 390/390 833/833
f 390/390 414/414 431/431
f 431/431 429/429 833/833
f 390/390 431/431 833/833
f 341/341 389/389 833/833
f 833/833 429/429 341/341
f 350/350 349/349 362/362
f 392/392 393/393 362/362
f 393/393 387/387 362/362
f 349/349 392/392 362/362
f 344/344 361/361 388/388
f 361/361 362/362 388/388
f 362/362 387/387 388/388
f 387/387 368/368 388/388
f 368/368 389/389 388/388
f 548/548 397/397 834/834
f 834/834 835/835 550/550
f 548/548 834/834 550/550
f 401/401 836/836 835/835
f 397/397 396/396 401/401
f 401/401 835/835 834/834
f 397/397 401/401 834/834
f 412/412 405/405 837/837
f 837/837 838/838 839/839
f 412/412 837/837 839/839
f 409/409 840/840 838/838
f 405/405 404/404 409/409
f 409/409 838/838 837/837
f 405/405 409/409 837/837
f 401/401 400/400 841/841
f 841/841 842/842 836/836
f 401/401 841/841 836/836
f 399/399 411/411 400/400
f 412/412 839/839 842/842
f 400/400 411/411 412/412
f 412/412 842/842 841/841
f 400/400 412/412 841/841
f 432/432 418/418 843/843
f 843/843 844/844 845/845
f 432/432 843/843 845/845
f 417/417 422/422 843/843
f 422/422 846/846 844/844
f 422/422 844/844 843/843
f 418/418 417/417 843/843
f 427/427 426/426 847/847
f 847/847 846/846 427/427
f 427/427 846/846 422/422
f 421/421 427/427 422/422
f 409/409 408/408 848/848
f 848/848 849/849 840/840
f 409/409 848/848 840/840
f 432/432 845/845 849/849
f 408/408 430/430 432/432
f 432/432 849/849 848/848
f 408/408 432/432 848/848
f 434/434 580/580 435/435
f 552/552 435/435 553/553
f 435/435 580/580 553/553
f 462/462 559/559 438/438
f 438/438 441/441 462/462
f 559/559 436/436 438/438
f 446/446 583/583 444/444
f 442/442 444/444 455/455
f 444/444 583/583 455/455
f 461/461 460/460 465/465
f 460/460 447/447 449/449
f 449/449 452/452 465/465
f 460/460 449/449 465/465
f 434/434 433/433 582/582
f 454/454 456/456 582/582
f 456/456 455/455 354/354
f 456/456 354/354 582/582
f 433/433 454/454 582/582
f 441/441 440/440 468/468
f 440/440 439/439 458/458
f 458/458 461/461 468/468
f 440/440 458/458 468/468
f 562/562 462/462 463/463
f 562/562 463/463 552/552
f 463/463 435/435 552/552
f 469/469 461/461 465/465
f 465/465 466/466 442/442
f 469/469 465/465 442/442
f 442/442 466/466 443/443
f 433/433 435/435 453/453
f 435/435 464/464 453/453
f 469/469 442/442 454/454
f 469/469 454/454 453/453
f 464/464 469/469 453/453
f 493/493 472/472 850/850
f 586/586 850/850 475/475
f 472/472 471/471 850/850
f 471/471 475/475 850/850
f 489/489 497/497 479/479
f 497/497 477/477 479/479
f 475/475 474/474 851/851
f 474/474 476/476 852/852
f 852/852 853/853 474/474
f 854/854 851/851 855/855
f 474/474 853/853 855/855
f 474/474 855/855 851/851
f 482/482 481/481 856/856
f 481/481 480/480 484/484
f 857/857 856/856 484/484
f 481/481 484/484 856/856
f 473/473 488/488 487/487
f 487/487 470/470 473/473
f 476/476 470/470 487/487
f 476/476 490/490 852/852
f 490/490 482/482 856/856
f 856/856 857/857 858/858
f 490/490 856/856 858/858
f 853/853 852/852 858/858
f 490/490 858/858 852/852
f 446/446 445/445 391/391
f 492/492 493/493 391/391
f 445/445 492/492 391/391
f 452/452 451/451 467/467
f 451/451 450/450 495/495
f 498/498 467/467 489/489
f 451/451 495/495 467/467
f 495/495 489/489 467/467
f 443/443 466/466 491/491
f 466/466 467/467 491/491
f 467/467 498/498 491/491
f 498/498 473/473 491/491
f 473/473 492/492 491/491
f 503/503 437/437 436/436
f 567/567 503/503 436/436
f 567/567 501/501 503/503
f 439/439 437/437 503/503
f 859/859 439/439 503/503
f 510/510 448/448 447/447
f 516/516 510/510 447/447
f 516/516 508/508 510/510
f 450/450 448/448 510/510
f 860/860 450/450 510/510
f 439/439 859/859 457/457
f 859/859 503/503 515/515
f 859/859 515/515 457/457
f 516/516 447/447 459/459
f 459/459 457/457 515/515
f 516/516 459/459 515/515
f 503/503 505/505 515/515
f 521/521 478/478 477/477
f 534/534 521/521 477/477
f 519/519 521/521 534/534
f 480/480 478/478 521/521
f 524/524 480/480 521/521
f 480/480 524/524 483/483
f 524/524 861/861 483/483
f 523/523 527/527 524/524
f 527/527 486/486 861/861
f 485/485 483/483 861/861
f 486/486 485/485 861/861
f 524/524 527/527 861/861
f 450/450 860/860 494/494
f 860/860 510/510 533/533
f 860/860 533/533 494/494
f 534/534 477/477 496/496
f 496/496 494/494 533/533
f 534/534 496/496 533/533
f 510/510 512/512 533/533
f 148/148 95/95 542/542
f 95/95 94/94 862/862
f 862/862 544/544 542/542
f 95/95 862/862 542/542
f 863/863 535/535 862/862
f 94/94 863/863 862/862
f 535/535 536/536 864/864
f 536/536 394/394 546/546
f 546/546 544/544 864/864
f 536/536 546/546 864/864
f 862/862 535/535 864/864
f 864/864 544/544 862/862
f 100/100 99/99 115/115
f 538/538 539/539 115/115
f 539/539 359/359 540/540
f 539/539 540/540 115/115
f 99/99 538/538 115/115
f 94/94 114/114 863/863
f 114/114 115/115 863/863
f 540/540 541/541 863/863
f 541/541 335/335 535/535
f 541/541 535/535 863/863
f 115/115 540/540 863/863
f 606/606 771/771 865/865
f 771/771 774/774 866/866
f 866/866 867/867 865/865
f 771/771 866/866 865/865
f 774/774 778/778 868/868
f 778/778 148/148 543/543
f 543/543 545/545 868/868
f 778/778 543/543 868/868
f 545/545 551/551 869/869
f 551/551 550/550 867/867
f 551/551 867/867 869/869
f 774/774 868/868 866/866
f 868/868 545/545 869/869
f 869/869 867/867 866/866
f 868/868 869/869 866/866
f 803/803 231/231 870/870
f 871/871 555/555 870/870
f 231/231 871/871 870/870
f 554/554 553/553 718/718
f 718/718 803/803 554/554
f 870/870 555/555 554/554
f 870/870 554/554 803/803
f 234/234 239/239 560/560
f 239/239 240/240 557/557
f 561/561 560/560 462/462
f 239/239 557/557 560/560
f 557/557 462/462 560/560
f 231/231 252/252 871/871
f 252/252 251/251 871/871
f 562/562 552/552 555/555
f 555/555 871/871 561/561
f 562/562 555/555 561/561
f 251/251 561/561 871/871
f 240/240 321/321 556/556
f 321/321 320/320 872/872
f 321/321 872/872 556/556
f 320/320 319/319 873/873
f 319/319 318/318 566/566
f 566/566 565/565 873/873
f 319/319 566/566 873/873
f 565/565 567/567 872/872
f 567/567 436/436 558/558
f 558/558 556/556 872/872
f 567/567 558/558 872/872
f 320/320 873/873 872/872
f 873/873 565/565 872/872
f 741/741 740/740 874/874
f 741/741 874/874 131/131
f 740/740 38/38 875/875
f 568/568 162/162 874/874
f 162/162 163/163 576/576
f 576/576 131/131 874/874
f 162/162 576/576 874/874
f 740/740 875/875 874/874
f 875/875 568/568 874/874
f 90/90 86/86 571/571
f 572/572 90/90 571/571
f 569/569 571/571 85/85
f 571/571 86/86 85/85
f 574/574 575/575 876/876
f 876/876 97/97 96/96
f 574/574 876/876 96/96
f 575/575 802/802 876/876
f 802/802 877/877 97/97
f 877/877 101/101 97/97
f 876/876 802/802 97/97
f 90/90 572/572 104/104
f 572/572 221/221 573/573
f 573/573 574/574 104/104
f 572/572 573/573 104/104
f 574/574 96/96 105/105
f 574/574 105/105 104/104
f 131/131 576/576 578/578
f 578/578 579/579 878/878
f 579/579 85/85 128/128
f 128/128 131/131 878/878
f 579/579 128/128 878/878
f 131/131 578/578 878/878
f 719/719 337/337 336/336
f 719/719 553/553 580/580
f 580/580 581/581 337/337
f 719/719 580/580 337/337
f 585/585 455/455 583/583
f 583/583 584/584 346/346
f 585/585 583/583 346/346
f 346/346 584/584 347/347
f 337/337 581/581 354/354
f 581/581 582/582 354/354
f 585/585 346/346 355/355
f 585/585 355/355 354/354
f 586/586 371/371 374/374
f 374/374 493/493 850/850
f 374/374 850/850 586/586
f 586/586 587/587 371/371
f 587/587 377/377 371/371
f 377/377 587/587 828/828
f 587/587 475/475 851/851
f 851/851 854/854 587/587
f 829/829 828/828 879/879
f 587/587 854/854 879/879
f 587/587 879/879 828/828
f 347/347 584/584 391/391
f 374/374 392/392 391/391
f 723/723 721/721 880/880
f 880/880 881/881 882/882
f 723/723 880/880 882/882
f 721/721 720/720 883/883
f 720/720 588/588 590/590
f 590/590 593/593 883/883
f 720/720 590/590 883/883
f 721/721 883/883 880/880
f 883/883 593/593 884/884
f 884/884 881/881 880/880
f 883/883 884/884 880/880
f 588/588 728/728 589/589
f 728/728 726/726 885/885
f 726/726 725/725 596/596
f 596/596 595/595 885/885
f 726/726 596/596 885/885
f 728/728 885/885 589/589
f 885/885 595/595 886/886
f 886/886 591/591 589/589
f 885/885 886/886 589/589
f 132/132 615/615 734/734
f 615/615 614/614 887/887
f 615/615 887/887 734/734
f 599/599 598/598 887/887
f 598/598 18/18 736/736
f 736/736 734/734 887/887
f 598/598 736/736 887/887
f 614/614 888/888 887/887
f 888/888 599/599 887/887
f 889/889 746/746 745/745
f 890/890 889/889 745/745
f 603/603 602/602 889/889
f 602/602 45/45 746/746
f 602/602 746/746 889/889
f 745/745 748/748 891/891
f 891/891 889/889 890/890
f 745/745 891/891 890/890
f 748/748 749/749 892/892
f 749/749 18/18 605/605
f 605/605 893/893 892/892
f 749/749 605/605 892/892
f 748/748 892/892 891/891
f 892/892 893/893 891/891
f 60/60 894/894 755/755
f 894/894 895/895 896/896
f 896/896 752/752 755/755
f 894/894 896/896 755/755
f 895/895 897/897 898/898
f 898/898 899/899 896/896
f 895/895 898/898 896/896
f 899/899 612/612 900/900
f 612/612 80/80 750/750
f 750/750 752/752 900/900
f 612/612 750/750 900/900
f 896/896 899/899 900/900
f 900/900 752/752 896/896
f 60/60 775/775 894/894
f 775/775 772/772 901/901
f 901/901 895/895 894/894
f 775/775 901/901 894/894
f 772/772 770/770 902/902
f 770/770 606/606 608/608
f 608/608 611/611 902/902
f 770/770 608/608 902/902
f 611/611 903/903 901/901
f 903/903 897/897 895/895
f 903/903 895/895 901/901
f 772/772 902/902 901/901
f 902/902 611/611 901/901
f 613/613 904/904 905/905
f 760/760 613/613 905/905
f 760/760 759/759 613/613
f 759/759 80/80 613/613
f 882/882 881/881 906/906
f 906/906 766/766 723/723
f 882/882 906/906 723/723
f 617/617 132/132 768/768
f 768/768 766/766 617/617
f 881/881 907/907 906/906
f 907/907 616/616 617/617
f 617/617 766/766 906/906
f 907/907 617/617 906/906
f 164/164 626/626 165/165
f 626/626 624/624 908/908
f 908/908 167/167 165/165
f 626/626 908/908 165/165
f 624/624 623/623 909/909
f 622/622 621/621 910/910
f 621/621 171/171 169/169
f 169/169 167/167 910/910
f 621/621 169/169 910/910
f 624/624 909/909 908/908
f 909/909 622/622 910/910
f 910/910 167/167 908/908
f 909/909 910/910 908/908
f 184/184 789/789 911/911
f 789/789 788/788 911/911
f 912/912 913/913 914/914
f 788/788 912/912 914/914
f 788/788 914/914 911/911
f 914/914 913/913 911/911
f 630/630 629/629 915/915
f 629/629 184/184 911/911
f 911/911 913/913 915/915
f 629/629 911/911 915/915
f 194/194 652/652 195/195
f 652/652 655/655 916/916
f 916/916 197/197 195/195
f 652/652 916/916 195/195
f 633/633 632/632 917/917
f 632/632 202/202 200/200
f 200/200 197/197 917/917
f 632/632 200/200 917/917
f 655/655 918/918 916/916
f 918/918 633/633 917/917
f 917/917 197/197 916/916
f 918/918 917/917 916/916
f 211/211 209/209 635/635
f 209/209 202/202 635/635
f 211/211 635/635 919/919
f 635/635 637/637 920/920
f 635/635 920/920 919/919
f 273/273 271/271 921/921
f 271/271 270/270 922/922
f 922/922 923/923 921/921
f 271/271 922/922 921/921
f 270/270 269/269 924/924
f 269/269 268/268 639/639
f 639/639 641/641 924/924
f 269/269 639/639 924/924
f 270/270 924/924 922/922
f 924/924 641/641 922/922
f 647/647 646/646 925/925
f 646/646 273/273 921/921
f 921/921 923/923 925/925
f 646/646 921/921 925/925
f 926/926 286/286 285/285
f 649/649 268/268 286/286
f 927/927 650/650 926/926
f 649/649 286/286 926/926
f 650/650 649/649 926/926
f 619/619 618/618 928/928
f 928/928 304/304 171/171
f 619/619 928/928 171/171
f 654/654 653/653 929/929
f 653/653 194/194 304/304
f 653/653 304/304 929/929
f 618/618 930/930 928/928
f 930/930 654/654 929/929
f 929/929 304/304 928/928
f 930/930 929/929 928/928
f 550/550 835/835 931/931
f 931/931 710/710 709/709
f 550/550 931/931 709/709
f 835/835 836/836 656/656
f 656/656 658/658 932/932
f 835/835 656/656 932/932
f 835/835 932/932 931/931
f 932/932 658/658 933/933
f 933/933 710/710 931/931
f 932/932 933/933 931/931
f 839/839 838/838 934/934
f 934/934 663/663 662/662
f 839/839 934/934 662/662
f 838/838 840/840 659/659
f 659/659 661/661 935/935
f 838/838 659/659 935/935
f 838/838 935/935 934/934
f 935/935 661/661 936/936
f 936/936 663/663 934/934
f 935/935 936/936 934/934
f 836/836 842/842 937/937
f 937/937 657/657 656/656
f 836/836 937/937 656/656
f 842/842 839/839 662/662
f 662/662 664/664 938/938
f 842/842 662/662 938/938
f 842/842 938/938 937/937
f 938/938 664/664 939/939
f 939/939 657/657 937/937
f 938/938 939/939 937/937
f 845/845 844/844 940/940
f 940/940 672/672 671/671
f 845/845 940/940 671/671
f 844/844 846/846 667/667
f 667/667 666/666 941/941
f 844/844 667/667 941/941
f 844/844 941/941 940/940
f 941/941 666/666 942/942
f 942/942 672/672 940/940
f 941/941 942/942 940/940
f 943/943 665/665 667/667
f 846/846 943/943 667/667
f 846/846 847/847 943/943
f 847/847 426/426 669/669
f 669/669 665/665 943/943
f 847/847 669/669 943/943
f 840/840 849/849 944/944
f 944/944 660/660 659/659
f 840/840 944/944 659/659
f 849/849 845/845 671/671
f 671/671 673/673 945/945
f 849/849 671/671 945/945
f 849/849 945/945 944/944
f 945/945 673/673 946/946
f 946/946 660/660 944/944
f 945/945 946/946 944/944
f 678/678 677/677 947/947
f 677/677 712/712 947/947
f 685/685 684/684 948/948
f 684/684 688/688 948/948
f 690/690 675/675 949/949
f 675/675 674/674 949/949
f 697/697 696/696 950/950
f 696/696 704/704 950/950
f 694/694 693/693 700/700
f 706/706 682/682 951/951
f 682/682 681/681 951/951
f 606/606 865/865 607/607
f 865/865 867/867 952/952
f 952/952 609/609 607/607
f 865/865 952/952 607/607
f 867/867 550/550 709/709
f 709/709 711/711 953/953
f 867/867 709/709 953/953
f 867/867 953/953 952/952
f 953/953 711/711 954/954
f 954/954 609/609 952/952
f 953/953 954/954 952/952
f 715/715 318/318 643/643
f 643/643 642/642 716/716
f 715/715 643/643 716/716
f 101/101 877/877 537/537
f 877/877 802/802 803/803
f 803/803 718/718 877/877
f 719/719 336/336 538/538
f 538/538 537/537 719/719
f 877/877 718/718 719/719
f 877/877 719/719 537/537
